Mes y año	Provincia código	Provincia nombre	Nivel formativo grupo IAEST código	Nivel formativo grupo IAEST descripción	Sexo	Nº parados
Mayo 2021	22	Huesca	10	Educación Primaria o inferior	Hombres	1296
Mayo 2021	22	Huesca	10	Educación Primaria o inferior	Mujeres	1850
Mayo 2021	22	Huesca	20	Primera etapa de educación secundaria	Hombres	2051
Mayo 2021	22	Huesca	20	Primera etapa de educación secundaria	Mujeres	2432
Mayo 2021	22	Huesca	31	Bachillerato	Hombres	357
Mayo 2021	22	Huesca	31	Bachillerato	Mujeres	498
Mayo 2021	22	Huesca	32	Enseñanza media de formación profesional	Hombres	290
Mayo 2021	22	Huesca	32	Enseñanza media de formación profesional	Mujeres	465
Mayo 2021	22	Huesca	41	Enseñanza superior de formación profesional	Hombres	237
Mayo 2021	22	Huesca	41	Enseñanza superior de formación profesional	Mujeres	384
Mayo 2021	22	Huesca	42	Enseñanza superior universitaria	Hombres	310
Mayo 2021	22	Huesca	42	Enseñanza superior universitaria	Mujeres	686
Mayo 2021	44	Teruel	10	Educación Primaria o inferior	Hombres	739
Mayo 2021	44	Teruel	10	Educación Primaria o inferior	Mujeres	1298
Mayo 2021	44	Teruel	20	Primera etapa de educación secundaria	Hombres	1330
Mayo 2021	44	Teruel	20	Primera etapa de educación secundaria	Mujeres	1643
Mayo 2021	44	Teruel	31	Bachillerato	Hombres	141
Mayo 2021	44	Teruel	31	Bachillerato	Mujeres	207
Mayo 2021	44	Teruel	32	Enseñanza media de formación profesional	Hombres	185
Mayo 2021	44	Teruel	32	Enseñanza media de formación profesional	Mujeres	354
Mayo 2021	44	Teruel	41	Enseñanza superior de formación profesional	Hombres	133
Mayo 2021	44	Teruel	41	Enseñanza superior de formación profesional	Mujeres	233
Mayo 2021	44	Teruel	42	Enseñanza superior universitaria	Hombres	167
Mayo 2021	44	Teruel	42	Enseñanza superior universitaria	Mujeres	359
Mayo 2021	50	Zaragoza	10	Educación Primaria o inferior	Hombres	4977
Mayo 2021	50	Zaragoza	10	Educación Primaria o inferior	Mujeres	7287
Mayo 2021	50	Zaragoza	20	Primera etapa de educación secundaria	Hombres	12896
Mayo 2021	50	Zaragoza	20	Primera etapa de educación secundaria	Mujeres	17554
Mayo 2021	50	Zaragoza	31	Bachillerato	Hombres	1925
Mayo 2021	50	Zaragoza	31	Bachillerato	Mujeres	2881
Mayo 2021	50	Zaragoza	32	Enseñanza media de formación profesional	Hombres	1618
Mayo 2021	50	Zaragoza	32	Enseñanza media de formación profesional	Mujeres	3040
Mayo 2021	50	Zaragoza	41	Enseñanza superior de formación profesional	Hombres	1345
Mayo 2021	50	Zaragoza	41	Enseñanza superior de formación profesional	Mujeres	2174
Mayo 2021	50	Zaragoza	42	Enseñanza superior universitaria	Hombres	1751
Mayo 2021	50	Zaragoza	42	Enseñanza superior universitaria	Mujeres	3886
Abril 2021	22	Huesca	10	Educación Primaria o inferior	Hombres	1524
Abril 2021	22	Huesca	10	Educación Primaria o inferior	Mujeres	1980
Abril 2021	22	Huesca	20	Primera etapa de educación secundaria	Hombres	2156
Abril 2021	22	Huesca	20	Primera etapa de educación secundaria	Mujeres	2533
Abril 2021	22	Huesca	31	Bachillerato	Hombres	367
Abril 2021	22	Huesca	31	Bachillerato	Mujeres	538
Abril 2021	22	Huesca	32	Enseñanza media de formación profesional	Hombres	290
Abril 2021	22	Huesca	32	Enseñanza media de formación profesional	Mujeres	481
Abril 2021	22	Huesca	41	Enseñanza superior de formación profesional	Hombres	244
Abril 2021	22	Huesca	41	Enseñanza superior de formación profesional	Mujeres	412
Abril 2021	22	Huesca	42	Enseñanza superior universitaria	Hombres	324
Abril 2021	22	Huesca	42	Enseñanza superior universitaria	Mujeres	730
Abril 2021	44	Teruel	10	Educación Primaria o inferior	Hombres	841
Abril 2021	44	Teruel	10	Educación Primaria o inferior	Mujeres	1408
Abril 2021	44	Teruel	20	Primera etapa de educación secundaria	Hombres	1401
Abril 2021	44	Teruel	20	Primera etapa de educación secundaria	Mujeres	1708
Abril 2021	44	Teruel	31	Bachillerato	Hombres	146
Abril 2021	44	Teruel	31	Bachillerato	Mujeres	241
Abril 2021	44	Teruel	32	Enseñanza media de formación profesional	Hombres	191
Abril 2021	44	Teruel	32	Enseñanza media de formación profesional	Mujeres	385
Abril 2021	44	Teruel	41	Enseñanza superior de formación profesional	Hombres	153
Abril 2021	44	Teruel	41	Enseñanza superior de formación profesional	Mujeres	251
Abril 2021	44	Teruel	42	Enseñanza superior universitaria	Hombres	193
Abril 2021	44	Teruel	42	Enseñanza superior universitaria	Mujeres	410
Abril 2021	50	Zaragoza	10	Educación Primaria o inferior	Hombres	5552
Abril 2021	50	Zaragoza	10	Educación Primaria o inferior	Mujeres	7813
Abril 2021	50	Zaragoza	20	Primera etapa de educación secundaria	Hombres	13492
Abril 2021	50	Zaragoza	20	Primera etapa de educación secundaria	Mujeres	18044
Abril 2021	50	Zaragoza	31	Bachillerato	Hombres	2022
Abril 2021	50	Zaragoza	31	Bachillerato	Mujeres	3019
Abril 2021	50	Zaragoza	32	Enseñanza media de formación profesional	Hombres	1651
Abril 2021	50	Zaragoza	32	Enseñanza media de formación profesional	Mujeres	3100
Abril 2021	50	Zaragoza	41	Enseñanza superior de formación profesional	Hombres	1444
Abril 2021	50	Zaragoza	41	Enseñanza superior de formación profesional	Mujeres	2276
Abril 2021	50	Zaragoza	42	Enseñanza superior universitaria	Hombres	1842
Abril 2021	50	Zaragoza	42	Enseñanza superior universitaria	Mujeres	4003
Marzo 2021	22	Huesca	10	Educación Primaria o inferior	Hombres	1582
Marzo 2021	22	Huesca	10	Educación Primaria o inferior	Mujeres	2042
Marzo 2021	22	Huesca	20	Primera etapa de educación secundaria	Hombres	2250
Marzo 2021	22	Huesca	20	Primera etapa de educación secundaria	Mujeres	2612
Marzo 2021	22	Huesca	31	Bachillerato	Hombres	412
Marzo 2021	22	Huesca	31	Bachillerato	Mujeres	575
Marzo 2021	22	Huesca	32	Enseñanza media de formación profesional	Hombres	289
Marzo 2021	22	Huesca	32	Enseñanza media de formación profesional	Mujeres	486
Marzo 2021	22	Huesca	41	Enseñanza superior de formación profesional	Hombres	263
Marzo 2021	22	Huesca	41	Enseñanza superior de formación profesional	Mujeres	441
Marzo 2021	22	Huesca	42	Enseñanza superior universitaria	Hombres	330
Marzo 2021	22	Huesca	42	Enseñanza superior universitaria	Mujeres	755
Marzo 2021	44	Teruel	10	Educación Primaria o inferior	Hombres	900
Marzo 2021	44	Teruel	10	Educación Primaria o inferior	Mujeres	1454
Marzo 2021	44	Teruel	20	Primera etapa de educación secundaria	Hombres	1521
Marzo 2021	44	Teruel	20	Primera etapa de educación secundaria	Mujeres	1772
Marzo 2021	44	Teruel	31	Bachillerato	Hombres	154
Marzo 2021	44	Teruel	31	Bachillerato	Mujeres	258
Marzo 2021	44	Teruel	32	Enseñanza media de formación profesional	Hombres	203
Marzo 2021	44	Teruel	32	Enseñanza media de formación profesional	Mujeres	407
Marzo 2021	44	Teruel	41	Enseñanza superior de formación profesional	Hombres	164
Marzo 2021	44	Teruel	41	Enseñanza superior de formación profesional	Mujeres	259
Marzo 2021	44	Teruel	42	Enseñanza superior universitaria	Hombres	202
Marzo 2021	44	Teruel	42	Enseñanza superior universitaria	Mujeres	415
Marzo 2021	50	Zaragoza	10	Educación Primaria o inferior	Hombres	5801
Marzo 2021	50	Zaragoza	10	Educación Primaria o inferior	Mujeres	7991
Marzo 2021	50	Zaragoza	20	Primera etapa de educación secundaria	Hombres	13828
Marzo 2021	50	Zaragoza	20	Primera etapa de educación secundaria	Mujeres	18346
Marzo 2021	50	Zaragoza	31	Bachillerato	Hombres	2113
Marzo 2021	50	Zaragoza	31	Bachillerato	Mujeres	3141
Marzo 2021	50	Zaragoza	32	Enseñanza media de formación profesional	Hombres	1737
Marzo 2021	50	Zaragoza	32	Enseñanza media de formación profesional	Mujeres	3159
Marzo 2021	50	Zaragoza	41	Enseñanza superior de formación profesional	Hombres	1534
Marzo 2021	50	Zaragoza	41	Enseñanza superior de formación profesional	Mujeres	2373
Marzo 2021	50	Zaragoza	42	Enseñanza superior universitaria	Hombres	1913
Marzo 2021	50	Zaragoza	42	Enseñanza superior universitaria	Mujeres	4200
Febrero 2021	22	Huesca	10	Educación Primaria o inferior	Hombres	1572
Febrero 2021	22	Huesca	10	Educación Primaria o inferior	Mujeres	2091
Febrero 2021	22	Huesca	20	Primera etapa de educación secundaria	Hombres	2363
Febrero 2021	22	Huesca	20	Primera etapa de educación secundaria	Mujeres	2717
Febrero 2021	22	Huesca	31	Bachillerato	Hombres	418
Febrero 2021	22	Huesca	31	Bachillerato	Mujeres	589
Febrero 2021	22	Huesca	32	Enseñanza media de formación profesional	Hombres	325
Febrero 2021	22	Huesca	32	Enseñanza media de formación profesional	Mujeres	531
Febrero 2021	22	Huesca	41	Enseñanza superior de formación profesional	Hombres	278
Febrero 2021	22	Huesca	41	Enseñanza superior de formación profesional	Mujeres	480
Febrero 2021	22	Huesca	42	Enseñanza superior universitaria	Hombres	348
Febrero 2021	22	Huesca	42	Enseñanza superior universitaria	Mujeres	800
Febrero 2021	44	Teruel	10	Educación Primaria o inferior	Hombres	926
Febrero 2021	44	Teruel	10	Educación Primaria o inferior	Mujeres	1426
Febrero 2021	44	Teruel	20	Primera etapa de educación secundaria	Hombres	1593
Febrero 2021	44	Teruel	20	Primera etapa de educación secundaria	Mujeres	1793
Febrero 2021	44	Teruel	31	Bachillerato	Hombres	154
Febrero 2021	44	Teruel	31	Bachillerato	Mujeres	266
Febrero 2021	44	Teruel	32	Enseñanza media de formación profesional	Hombres	199
Febrero 2021	44	Teruel	32	Enseñanza media de formación profesional	Mujeres	390
Febrero 2021	44	Teruel	41	Enseñanza superior de formación profesional	Hombres	167
Febrero 2021	44	Teruel	41	Enseñanza superior de formación profesional	Mujeres	266
Febrero 2021	44	Teruel	42	Enseñanza superior universitaria	Hombres	215
Febrero 2021	44	Teruel	42	Enseñanza superior universitaria	Mujeres	441
Febrero 2021	50	Zaragoza	10	Educación Primaria o inferior	Hombres	5618
Febrero 2021	50	Zaragoza	10	Educación Primaria o inferior	Mujeres	7917
Febrero 2021	50	Zaragoza	20	Primera etapa de educación secundaria	Hombres	14059
Febrero 2021	50	Zaragoza	20	Primera etapa de educación secundaria	Mujeres	18531
Febrero 2021	50	Zaragoza	31	Bachillerato	Hombres	2147
Febrero 2021	50	Zaragoza	31	Bachillerato	Mujeres	3198
Febrero 2021	50	Zaragoza	32	Enseñanza media de formación profesional	Hombres	1773
Febrero 2021	50	Zaragoza	32	Enseñanza media de formación profesional	Mujeres	3111
Febrero 2021	50	Zaragoza	41	Enseñanza superior de formación profesional	Hombres	1612
Febrero 2021	50	Zaragoza	41	Enseñanza superior de formación profesional	Mujeres	2455
Febrero 2021	50	Zaragoza	42	Enseñanza superior universitaria	Hombres	1990
Febrero 2021	50	Zaragoza	42	Enseñanza superior universitaria	Mujeres	4399
Enero 2021	22	Huesca	10	Educación Primaria o inferior	Hombres	1588
Enero 2021	22	Huesca	10	Educación Primaria o inferior	Mujeres	2092
Enero 2021	22	Huesca	20	Primera etapa de educación secundaria	Hombres	2357
Enero 2021	22	Huesca	20	Primera etapa de educación secundaria	Mujeres	2636
Enero 2021	22	Huesca	31	Bachillerato	Hombres	370
Enero 2021	22	Huesca	31	Bachillerato	Mujeres	547
Enero 2021	22	Huesca	32	Enseñanza media de formación profesional	Hombres	303
Enero 2021	22	Huesca	32	Enseñanza media de formación profesional	Mujeres	485
Enero 2021	22	Huesca	41	Enseñanza superior de formación profesional	Hombres	252
Enero 2021	22	Huesca	41	Enseñanza superior de formación profesional	Mujeres	463
Enero 2021	22	Huesca	42	Enseñanza superior universitaria	Hombres	336
Enero 2021	22	Huesca	42	Enseñanza superior universitaria	Mujeres	783
Enero 2021	44	Teruel	10	Educación Primaria o inferior	Hombres	938
Enero 2021	44	Teruel	10	Educación Primaria o inferior	Mujeres	1375
Enero 2021	44	Teruel	20	Primera etapa de educación secundaria	Hombres	1573
Enero 2021	44	Teruel	20	Primera etapa de educación secundaria	Mujeres	1697
Enero 2021	44	Teruel	31	Bachillerato	Hombres	156
Enero 2021	44	Teruel	31	Bachillerato	Mujeres	258
Enero 2021	44	Teruel	32	Enseñanza media de formación profesional	Hombres	198
Enero 2021	44	Teruel	32	Enseñanza media de formación profesional	Mujeres	357
Enero 2021	44	Teruel	41	Enseñanza superior de formación profesional	Hombres	170
Enero 2021	44	Teruel	41	Enseñanza superior de formación profesional	Mujeres	257
Enero 2021	44	Teruel	42	Enseñanza superior universitaria	Hombres	223
Enero 2021	44	Teruel	42	Enseñanza superior universitaria	Mujeres	430
Enero 2021	50	Zaragoza	10	Educación Primaria o inferior	Hombres	5555
Enero 2021	50	Zaragoza	10	Educación Primaria o inferior	Mujeres	7655
Enero 2021	50	Zaragoza	20	Primera etapa de educación secundaria	Hombres	13869
Enero 2021	50	Zaragoza	20	Primera etapa de educación secundaria	Mujeres	17999
Enero 2021	50	Zaragoza	31	Bachillerato	Hombres	2090
Enero 2021	50	Zaragoza	31	Bachillerato	Mujeres	3108
Enero 2021	50	Zaragoza	32	Enseñanza media de formación profesional	Hombres	1741
Enero 2021	50	Zaragoza	32	Enseñanza media de formación profesional	Mujeres	2991
Enero 2021	50	Zaragoza	41	Enseñanza superior de formación profesional	Hombres	1606
Enero 2021	50	Zaragoza	41	Enseñanza superior de formación profesional	Mujeres	2398
Enero 2021	50	Zaragoza	42	Enseñanza superior universitaria	Hombres	1961
Enero 2021	50	Zaragoza	42	Enseñanza superior universitaria	Mujeres	4341
Diciembre 2020	22	Huesca	10	Educación Primaria o inferior	Hombres	1537
Diciembre 2020	22	Huesca	10	Educación Primaria o inferior	Mujeres	2012
Diciembre 2020	22	Huesca	20	Primera etapa de educación secundaria	Hombres	2286
Diciembre 2020	22	Huesca	20	Primera etapa de educación secundaria	Mujeres	2547
Diciembre 2020	22	Huesca	31	Bachillerato	Hombres	357
Diciembre 2020	22	Huesca	31	Bachillerato	Mujeres	519
Diciembre 2020	22	Huesca	32	Enseñanza media de formación profesional	Hombres	296
Diciembre 2020	22	Huesca	32	Enseñanza media de formación profesional	Mujeres	455
Diciembre 2020	22	Huesca	41	Enseñanza superior de formación profesional	Hombres	234
Diciembre 2020	22	Huesca	41	Enseñanza superior de formación profesional	Mujeres	437
Diciembre 2020	22	Huesca	42	Enseñanza superior universitaria	Hombres	332
Diciembre 2020	22	Huesca	42	Enseñanza superior universitaria	Mujeres	743
Diciembre 2020	44	Teruel	10	Educación Primaria o inferior	Hombres	930
Diciembre 2020	44	Teruel	10	Educación Primaria o inferior	Mujeres	1336
Diciembre 2020	44	Teruel	20	Primera etapa de educación secundaria	Hombres	1576
Diciembre 2020	44	Teruel	20	Primera etapa de educación secundaria	Mujeres	1635
Diciembre 2020	44	Teruel	31	Bachillerato	Hombres	159
Diciembre 2020	44	Teruel	31	Bachillerato	Mujeres	241
Diciembre 2020	44	Teruel	32	Enseñanza media de formación profesional	Hombres	193
Diciembre 2020	44	Teruel	32	Enseñanza media de formación profesional	Mujeres	319
Diciembre 2020	44	Teruel	41	Enseñanza superior de formación profesional	Hombres	160
Diciembre 2020	44	Teruel	41	Enseñanza superior de formación profesional	Mujeres	227
Diciembre 2020	44	Teruel	42	Enseñanza superior universitaria	Hombres	217
Diciembre 2020	44	Teruel	42	Enseñanza superior universitaria	Mujeres	410
Diciembre 2020	50	Zaragoza	10	Educación Primaria o inferior	Hombres	5438
Diciembre 2020	50	Zaragoza	10	Educación Primaria o inferior	Mujeres	7371
Diciembre 2020	50	Zaragoza	20	Primera etapa de educación secundaria	Hombres	13674
Diciembre 2020	50	Zaragoza	20	Primera etapa de educación secundaria	Mujeres	17436
Diciembre 2020	50	Zaragoza	31	Bachillerato	Hombres	2046
Diciembre 2020	50	Zaragoza	31	Bachillerato	Mujeres	2974
Diciembre 2020	50	Zaragoza	32	Enseñanza media de formación profesional	Hombres	1675
Diciembre 2020	50	Zaragoza	32	Enseñanza media de formación profesional	Mujeres	2780
Diciembre 2020	50	Zaragoza	41	Enseñanza superior de formación profesional	Hombres	1561
Diciembre 2020	50	Zaragoza	41	Enseñanza superior de formación profesional	Mujeres	2216
Diciembre 2020	50	Zaragoza	42	Enseñanza superior universitaria	Hombres	1893
Diciembre 2020	50	Zaragoza	42	Enseñanza superior universitaria	Mujeres	4143
Noviembre 2020	22	Huesca	10	Educación Primaria o inferior	Hombres	1457
Noviembre 2020	22	Huesca	10	Educación Primaria o inferior	Mujeres	1952
Noviembre 2020	22	Huesca	20	Primera etapa de educación secundaria	Hombres	2214
Noviembre 2020	22	Huesca	20	Primera etapa de educación secundaria	Mujeres	2524
Noviembre 2020	22	Huesca	31	Bachillerato	Hombres	359
Noviembre 2020	22	Huesca	31	Bachillerato	Mujeres	518
Noviembre 2020	22	Huesca	32	Enseñanza media de formación profesional	Hombres	283
Noviembre 2020	22	Huesca	32	Enseñanza media de formación profesional	Mujeres	448
Noviembre 2020	22	Huesca	41	Enseñanza superior de formación profesional	Hombres	231
Noviembre 2020	22	Huesca	41	Enseñanza superior de formación profesional	Mujeres	429
Noviembre 2020	22	Huesca	42	Enseñanza superior universitaria	Hombres	342
Noviembre 2020	22	Huesca	42	Enseñanza superior universitaria	Mujeres	723
Noviembre 2020	44	Teruel	10	Educación Primaria o inferior	Hombres	879
Noviembre 2020	44	Teruel	10	Educación Primaria o inferior	Mujeres	1309
Noviembre 2020	44	Teruel	20	Primera etapa de educación secundaria	Hombres	1443
Noviembre 2020	44	Teruel	20	Primera etapa de educación secundaria	Mujeres	1619
Noviembre 2020	44	Teruel	31	Bachillerato	Hombres	149
Noviembre 2020	44	Teruel	31	Bachillerato	Mujeres	230
Noviembre 2020	44	Teruel	32	Enseñanza media de formación profesional	Hombres	169
Noviembre 2020	44	Teruel	32	Enseñanza media de formación profesional	Mujeres	335
Noviembre 2020	44	Teruel	41	Enseñanza superior de formación profesional	Hombres	149
Noviembre 2020	44	Teruel	41	Enseñanza superior de formación profesional	Mujeres	214
Noviembre 2020	44	Teruel	42	Enseñanza superior universitaria	Hombres	195
Noviembre 2020	44	Teruel	42	Enseñanza superior universitaria	Mujeres	391
Noviembre 2020	50	Zaragoza	10	Educación Primaria o inferior	Hombres	5265
Noviembre 2020	50	Zaragoza	10	Educación Primaria o inferior	Mujeres	7177
Noviembre 2020	50	Zaragoza	20	Primera etapa de educación secundaria	Hombres	13100
Noviembre 2020	50	Zaragoza	20	Primera etapa de educación secundaria	Mujeres	17239
Noviembre 2020	50	Zaragoza	31	Bachillerato	Hombres	1984
Noviembre 2020	50	Zaragoza	31	Bachillerato	Mujeres	2900
Noviembre 2020	50	Zaragoza	32	Enseñanza media de formación profesional	Hombres	1566
Noviembre 2020	50	Zaragoza	32	Enseñanza media de formación profesional	Mujeres	2737
Noviembre 2020	50	Zaragoza	41	Enseñanza superior de formación profesional	Hombres	1495
Noviembre 2020	50	Zaragoza	41	Enseñanza superior de formación profesional	Mujeres	2205
Noviembre 2020	50	Zaragoza	42	Enseñanza superior universitaria	Hombres	1843
Noviembre 2020	50	Zaragoza	42	Enseñanza superior universitaria	Mujeres	4083
Octubre 2020	22	Huesca	10	Educación Primaria o inferior	Hombres	1463
Octubre 2020	22	Huesca	10	Educación Primaria o inferior	Mujeres	1817
Octubre 2020	22	Huesca	20	Primera etapa de educación secundaria	Hombres	2108
Octubre 2020	22	Huesca	20	Primera etapa de educación secundaria	Mujeres	2423
Octubre 2020	22	Huesca	31	Bachillerato	Hombres	343
Octubre 2020	22	Huesca	31	Bachillerato	Mujeres	490
Octubre 2020	22	Huesca	32	Enseñanza media de formación profesional	Hombres	264
Octubre 2020	22	Huesca	32	Enseñanza media de formación profesional	Mujeres	429
Octubre 2020	22	Huesca	41	Enseñanza superior de formación profesional	Hombres	222
Octubre 2020	22	Huesca	41	Enseñanza superior de formación profesional	Mujeres	417
Octubre 2020	22	Huesca	42	Enseñanza superior universitaria	Hombres	348
Octubre 2020	22	Huesca	42	Enseñanza superior universitaria	Mujeres	725
Octubre 2020	44	Teruel	10	Educación Primaria o inferior	Hombres	794
Octubre 2020	44	Teruel	10	Educación Primaria o inferior	Mujeres	1172
Octubre 2020	44	Teruel	20	Primera etapa de educación secundaria	Hombres	1350
Octubre 2020	44	Teruel	20	Primera etapa de educación secundaria	Mujeres	1520
Octubre 2020	44	Teruel	31	Bachillerato	Hombres	150
Octubre 2020	44	Teruel	31	Bachillerato	Mujeres	209
Octubre 2020	44	Teruel	32	Enseñanza media de formación profesional	Hombres	163
Octubre 2020	44	Teruel	32	Enseñanza media de formación profesional	Mujeres	319
Octubre 2020	44	Teruel	41	Enseñanza superior de formación profesional	Hombres	138
Octubre 2020	44	Teruel	41	Enseñanza superior de formación profesional	Mujeres	220
Octubre 2020	44	Teruel	42	Enseñanza superior universitaria	Hombres	190
Octubre 2020	44	Teruel	42	Enseñanza superior universitaria	Mujeres	383
Octubre 2020	50	Zaragoza	10	Educación Primaria o inferior	Hombres	5207
Octubre 2020	50	Zaragoza	10	Educación Primaria o inferior	Mujeres	6878
Octubre 2020	50	Zaragoza	20	Primera etapa de educación secundaria	Hombres	12823
Octubre 2020	50	Zaragoza	20	Primera etapa de educación secundaria	Mujeres	16713
Octubre 2020	50	Zaragoza	31	Bachillerato	Hombres	1954
Octubre 2020	50	Zaragoza	31	Bachillerato	Mujeres	2877
Octubre 2020	50	Zaragoza	32	Enseñanza media de formación profesional	Hombres	1563
Octubre 2020	50	Zaragoza	32	Enseñanza media de formación profesional	Mujeres	2655
Octubre 2020	50	Zaragoza	41	Enseñanza superior de formación profesional	Hombres	1485
Octubre 2020	50	Zaragoza	41	Enseñanza superior de formación profesional	Mujeres	2176
Octubre 2020	50	Zaragoza	42	Enseñanza superior universitaria	Hombres	1820
Octubre 2020	50	Zaragoza	42	Enseñanza superior universitaria	Mujeres	4058
Septiembre 2020	22	Huesca	10	Educación Primaria o inferior	Hombres	1370
Septiembre 2020	22	Huesca	10	Educación Primaria o inferior	Mujeres	1708
Septiembre 2020	22	Huesca	20	Primera etapa de educación secundaria	Hombres	2088
Septiembre 2020	22	Huesca	20	Primera etapa de educación secundaria	Mujeres	2316
Septiembre 2020	22	Huesca	31	Bachillerato	Hombres	323
Septiembre 2020	22	Huesca	31	Bachillerato	Mujeres	464
Septiembre 2020	22	Huesca	32	Enseñanza media de formación profesional	Hombres	259
Septiembre 2020	22	Huesca	32	Enseñanza media de formación profesional	Mujeres	403
Septiembre 2020	22	Huesca	41	Enseñanza superior de formación profesional	Hombres	232
Septiembre 2020	22	Huesca	41	Enseñanza superior de formación profesional	Mujeres	394
Septiembre 2020	22	Huesca	42	Enseñanza superior universitaria	Hombres	350
Septiembre 2020	22	Huesca	42	Enseñanza superior universitaria	Mujeres	797
Septiembre 2020	44	Teruel	10	Educación Primaria o inferior	Hombres	755
Septiembre 2020	44	Teruel	10	Educación Primaria o inferior	Mujeres	1117
Septiembre 2020	44	Teruel	20	Primera etapa de educación secundaria	Hombres	1334
Septiembre 2020	44	Teruel	20	Primera etapa de educación secundaria	Mujeres	1457
Septiembre 2020	44	Teruel	31	Bachillerato	Hombres	144
Septiembre 2020	44	Teruel	31	Bachillerato	Mujeres	199
Septiembre 2020	44	Teruel	32	Enseñanza media de formación profesional	Hombres	165
Septiembre 2020	44	Teruel	32	Enseñanza media de formación profesional	Mujeres	271
Septiembre 2020	44	Teruel	41	Enseñanza superior de formación profesional	Hombres	146
Septiembre 2020	44	Teruel	41	Enseñanza superior de formación profesional	Mujeres	211
Septiembre 2020	44	Teruel	42	Enseñanza superior universitaria	Hombres	194
Septiembre 2020	44	Teruel	42	Enseñanza superior universitaria	Mujeres	416
Septiembre 2020	50	Zaragoza	10	Educación Primaria o inferior	Hombres	4889
Septiembre 2020	50	Zaragoza	10	Educación Primaria o inferior	Mujeres	6564
Septiembre 2020	50	Zaragoza	20	Primera etapa de educación secundaria	Hombres	12729
Septiembre 2020	50	Zaragoza	20	Primera etapa de educación secundaria	Mujeres	16499
Septiembre 2020	50	Zaragoza	31	Bachillerato	Hombres	1961
Septiembre 2020	50	Zaragoza	31	Bachillerato	Mujeres	2867
Septiembre 2020	50	Zaragoza	32	Enseñanza media de formación profesional	Hombres	1555
Septiembre 2020	50	Zaragoza	32	Enseñanza media de formación profesional	Mujeres	2659
Septiembre 2020	50	Zaragoza	41	Enseñanza superior de formación profesional	Hombres	1471
Septiembre 2020	50	Zaragoza	41	Enseñanza superior de formación profesional	Mujeres	2174
Septiembre 2020	50	Zaragoza	42	Enseñanza superior universitaria	Hombres	1958
Septiembre 2020	50	Zaragoza	42	Enseñanza superior universitaria	Mujeres	4271
Agosto 2020	22	Huesca	10	Educación Primaria o inferior	Hombres	1257
Agosto 2020	22	Huesca	10	Educación Primaria o inferior	Mujeres	1497
Agosto 2020	22	Huesca	20	Primera etapa de educación secundaria	Hombres	1961
Agosto 2020	22	Huesca	20	Primera etapa de educación secundaria	Mujeres	2224
Agosto 2020	22	Huesca	31	Bachillerato	Hombres	301
Agosto 2020	22	Huesca	31	Bachillerato	Mujeres	447
Agosto 2020	22	Huesca	32	Enseñanza media de formación profesional	Hombres	234
Agosto 2020	22	Huesca	32	Enseñanza media de formación profesional	Mujeres	393
Agosto 2020	22	Huesca	41	Enseñanza superior de formación profesional	Hombres	218
Agosto 2020	22	Huesca	41	Enseñanza superior de formación profesional	Mujeres	401
Agosto 2020	22	Huesca	42	Enseñanza superior universitaria	Hombres	341
Agosto 2020	22	Huesca	42	Enseñanza superior universitaria	Mujeres	843
Agosto 2020	44	Teruel	10	Educación Primaria o inferior	Hombres	759
Agosto 2020	44	Teruel	10	Educación Primaria o inferior	Mujeres	1078
Agosto 2020	44	Teruel	20	Primera etapa de educación secundaria	Hombres	1334
Agosto 2020	44	Teruel	20	Primera etapa de educación secundaria	Mujeres	1435
Agosto 2020	44	Teruel	31	Bachillerato	Hombres	134
Agosto 2020	44	Teruel	31	Bachillerato	Mujeres	187
Agosto 2020	44	Teruel	32	Enseñanza media de formación profesional	Hombres	158
Agosto 2020	44	Teruel	32	Enseñanza media de formación profesional	Mujeres	273
Agosto 2020	44	Teruel	41	Enseñanza superior de formación profesional	Hombres	151
Agosto 2020	44	Teruel	41	Enseñanza superior de formación profesional	Mujeres	211
Agosto 2020	44	Teruel	42	Enseñanza superior universitaria	Hombres	195
Agosto 2020	44	Teruel	42	Enseñanza superior universitaria	Mujeres	500
Agosto 2020	50	Zaragoza	10	Educación Primaria o inferior	Hombres	4724
Agosto 2020	50	Zaragoza	10	Educación Primaria o inferior	Mujeres	6421
Agosto 2020	50	Zaragoza	20	Primera etapa de educación secundaria	Hombres	12990
Agosto 2020	50	Zaragoza	20	Primera etapa de educación secundaria	Mujeres	16574
Agosto 2020	50	Zaragoza	31	Bachillerato	Hombres	1994
Agosto 2020	50	Zaragoza	31	Bachillerato	Mujeres	2819
Agosto 2020	50	Zaragoza	32	Enseñanza media de formación profesional	Hombres	1626
Agosto 2020	50	Zaragoza	32	Enseñanza media de formación profesional	Mujeres	2682
Agosto 2020	50	Zaragoza	41	Enseñanza superior de formación profesional	Hombres	1496
Agosto 2020	50	Zaragoza	41	Enseñanza superior de formación profesional	Mujeres	2210
Agosto 2020	50	Zaragoza	42	Enseñanza superior universitaria	Hombres	2100
Agosto 2020	50	Zaragoza	42	Enseñanza superior universitaria	Mujeres	4755
Julio 2020	22	Huesca	10	Educación Primaria o inferior	Hombres	1170
Julio 2020	22	Huesca	10	Educación Primaria o inferior	Mujeres	1427
Julio 2020	22	Huesca	20	Primera etapa de educación secundaria	Hombres	1903
Julio 2020	22	Huesca	20	Primera etapa de educación secundaria	Mujeres	2197
Julio 2020	22	Huesca	31	Bachillerato	Hombres	295
Julio 2020	22	Huesca	31	Bachillerato	Mujeres	435
Julio 2020	22	Huesca	32	Enseñanza media de formación profesional	Hombres	217
Julio 2020	22	Huesca	32	Enseñanza media de formación profesional	Mujeres	387
Julio 2020	22	Huesca	41	Enseñanza superior de formación profesional	Hombres	213
Julio 2020	22	Huesca	41	Enseñanza superior de formación profesional	Mujeres	371
Julio 2020	22	Huesca	42	Enseñanza superior universitaria	Hombres	313
Julio 2020	22	Huesca	42	Enseñanza superior universitaria	Mujeres	766
Julio 2020	44	Teruel	10	Educación Primaria o inferior	Hombres	743
Julio 2020	44	Teruel	10	Educación Primaria o inferior	Mujeres	1053
Julio 2020	44	Teruel	20	Primera etapa de educación secundaria	Hombres	1333
Julio 2020	44	Teruel	20	Primera etapa de educación secundaria	Mujeres	1442
Julio 2020	44	Teruel	31	Bachillerato	Hombres	141
Julio 2020	44	Teruel	31	Bachillerato	Mujeres	183
Julio 2020	44	Teruel	32	Enseñanza media de formación profesional	Hombres	164
Julio 2020	44	Teruel	32	Enseñanza media de formación profesional	Mujeres	281
Julio 2020	44	Teruel	41	Enseñanza superior de formación profesional	Hombres	155
Julio 2020	44	Teruel	41	Enseñanza superior de formación profesional	Mujeres	207
Julio 2020	44	Teruel	42	Enseñanza superior universitaria	Hombres	190
Julio 2020	44	Teruel	42	Enseñanza superior universitaria	Mujeres	483
Julio 2020	50	Zaragoza	10	Educación Primaria o inferior	Hombres	4734
Julio 2020	50	Zaragoza	10	Educación Primaria o inferior	Mujeres	6378
Julio 2020	50	Zaragoza	20	Primera etapa de educación secundaria	Hombres	12960
Julio 2020	50	Zaragoza	20	Primera etapa de educación secundaria	Mujeres	16546
Julio 2020	50	Zaragoza	31	Bachillerato	Hombres	1929
Julio 2020	50	Zaragoza	31	Bachillerato	Mujeres	2796
Julio 2020	50	Zaragoza	32	Enseñanza media de formación profesional	Hombres	1619
Julio 2020	50	Zaragoza	32	Enseñanza media de formación profesional	Mujeres	2717
Julio 2020	50	Zaragoza	41	Enseñanza superior de formación profesional	Hombres	1450
Julio 2020	50	Zaragoza	41	Enseñanza superior de formación profesional	Mujeres	2169
Julio 2020	50	Zaragoza	42	Enseñanza superior universitaria	Hombres	1986
Julio 2020	50	Zaragoza	42	Enseñanza superior universitaria	Mujeres	4432
Junio 2020	22	Huesca	10	Educación Primaria o inferior	Hombres	1126
Junio 2020	22	Huesca	10	Educación Primaria o inferior	Mujeres	1472
Junio 2020	22	Huesca	20	Primera etapa de educación secundaria	Hombres	1963
Junio 2020	22	Huesca	20	Primera etapa de educación secundaria	Mujeres	2266
Junio 2020	22	Huesca	31	Bachillerato	Hombres	307
Junio 2020	22	Huesca	31	Bachillerato	Mujeres	427
Junio 2020	22	Huesca	32	Enseñanza media de formación profesional	Hombres	252
Junio 2020	22	Huesca	32	Enseñanza media de formación profesional	Mujeres	426
Junio 2020	22	Huesca	41	Enseñanza superior de formación profesional	Hombres	235
Junio 2020	22	Huesca	41	Enseñanza superior de formación profesional	Mujeres	375
Junio 2020	22	Huesca	42	Enseñanza superior universitaria	Hombres	309
Junio 2020	22	Huesca	42	Enseñanza superior universitaria	Mujeres	764
Junio 2020	44	Teruel	10	Educación Primaria o inferior	Hombres	746
Junio 2020	44	Teruel	10	Educación Primaria o inferior	Mujeres	1058
Junio 2020	44	Teruel	20	Primera etapa de educación secundaria	Hombres	1396
Junio 2020	44	Teruel	20	Primera etapa de educación secundaria	Mujeres	1489
Junio 2020	44	Teruel	31	Bachillerato	Hombres	139
Junio 2020	44	Teruel	31	Bachillerato	Mujeres	183
Junio 2020	44	Teruel	32	Enseñanza media de formación profesional	Hombres	195
Junio 2020	44	Teruel	32	Enseñanza media de formación profesional	Mujeres	319
Junio 2020	44	Teruel	41	Enseñanza superior de formación profesional	Hombres	149
Junio 2020	44	Teruel	41	Enseñanza superior de formación profesional	Mujeres	209
Junio 2020	44	Teruel	42	Enseñanza superior universitaria	Hombres	174
Junio 2020	44	Teruel	42	Enseñanza superior universitaria	Mujeres	421
Junio 2020	50	Zaragoza	10	Educación Primaria o inferior	Hombres	4598
Junio 2020	50	Zaragoza	10	Educación Primaria o inferior	Mujeres	6369
Junio 2020	50	Zaragoza	20	Primera etapa de educación secundaria	Hombres	13213
Junio 2020	50	Zaragoza	20	Primera etapa de educación secundaria	Mujeres	16716
Junio 2020	50	Zaragoza	31	Bachillerato	Hombres	2006
Junio 2020	50	Zaragoza	31	Bachillerato	Mujeres	2799
Junio 2020	50	Zaragoza	32	Enseñanza media de formación profesional	Hombres	1736
Junio 2020	50	Zaragoza	32	Enseñanza media de formación profesional	Mujeres	2876
Junio 2020	50	Zaragoza	41	Enseñanza superior de formación profesional	Hombres	1464
Junio 2020	50	Zaragoza	41	Enseñanza superior de formación profesional	Mujeres	2220
Junio 2020	50	Zaragoza	42	Enseñanza superior universitaria	Hombres	1890
Junio 2020	50	Zaragoza	42	Enseñanza superior universitaria	Mujeres	4173
Mayo 2020	22	Huesca	10	Educación Primaria o inferior	Hombres	1105
Mayo 2020	22	Huesca	10	Educación Primaria o inferior	Mujeres	1484
Mayo 2020	22	Huesca	20	Primera etapa de educación secundaria	Hombres	2059
Mayo 2020	22	Huesca	20	Primera etapa de educación secundaria	Mujeres	2295
Mayo 2020	22	Huesca	31	Bachillerato	Hombres	341
Mayo 2020	22	Huesca	31	Bachillerato	Mujeres	458
Mayo 2020	22	Huesca	32	Enseñanza media de formación profesional	Hombres	249
Mayo 2020	22	Huesca	32	Enseñanza media de formación profesional	Mujeres	441
Mayo 2020	22	Huesca	41	Enseñanza superior de formación profesional	Hombres	253
Mayo 2020	22	Huesca	41	Enseñanza superior de formación profesional	Mujeres	420
Mayo 2020	22	Huesca	42	Enseñanza superior universitaria	Hombres	311
Mayo 2020	22	Huesca	42	Enseñanza superior universitaria	Mujeres	733
Mayo 2020	44	Teruel	10	Educación Primaria o inferior	Hombres	754
Mayo 2020	44	Teruel	10	Educación Primaria o inferior	Mujeres	1021
Mayo 2020	44	Teruel	20	Primera etapa de educación secundaria	Hombres	1446
Mayo 2020	44	Teruel	20	Primera etapa de educación secundaria	Mujeres	1473
Mayo 2020	44	Teruel	31	Bachillerato	Hombres	156
Mayo 2020	44	Teruel	31	Bachillerato	Mujeres	193
Mayo 2020	44	Teruel	32	Enseñanza media de formación profesional	Hombres	190
Mayo 2020	44	Teruel	32	Enseñanza media de formación profesional	Mujeres	310
Mayo 2020	44	Teruel	41	Enseñanza superior de formación profesional	Hombres	151
Mayo 2020	44	Teruel	41	Enseñanza superior de formación profesional	Mujeres	212
Mayo 2020	44	Teruel	42	Enseñanza superior universitaria	Hombres	180
Mayo 2020	44	Teruel	42	Enseñanza superior universitaria	Mujeres	432
Mayo 2020	50	Zaragoza	10	Educación Primaria o inferior	Hombres	4705
Mayo 2020	50	Zaragoza	10	Educación Primaria o inferior	Mujeres	6424
Mayo 2020	50	Zaragoza	20	Primera etapa de educación secundaria	Hombres	13869
Mayo 2020	50	Zaragoza	20	Primera etapa de educación secundaria	Mujeres	17048
Mayo 2020	50	Zaragoza	31	Bachillerato	Hombres	2113
Mayo 2020	50	Zaragoza	31	Bachillerato	Mujeres	2902
Mayo 2020	50	Zaragoza	32	Enseñanza media de formación profesional	Hombres	1823
Mayo 2020	50	Zaragoza	32	Enseñanza media de formación profesional	Mujeres	3026
Mayo 2020	50	Zaragoza	41	Enseñanza superior de formación profesional	Hombres	1529
Mayo 2020	50	Zaragoza	41	Enseñanza superior de formación profesional	Mujeres	2318
Mayo 2020	50	Zaragoza	42	Enseñanza superior universitaria	Hombres	1927
Mayo 2020	50	Zaragoza	42	Enseñanza superior universitaria	Mujeres	4178
Abril 2020	22	Huesca	10	Educación Primaria o inferior	Hombres	1181
Abril 2020	22	Huesca	10	Educación Primaria o inferior	Mujeres	1551
Abril 2020	22	Huesca	20	Primera etapa de educación secundaria	Hombres	2135
Abril 2020	22	Huesca	20	Primera etapa de educación secundaria	Mujeres	2278
Abril 2020	22	Huesca	31	Bachillerato	Hombres	341
Abril 2020	22	Huesca	31	Bachillerato	Mujeres	457
Abril 2020	22	Huesca	32	Enseñanza media de formación profesional	Hombres	261
Abril 2020	22	Huesca	32	Enseñanza media de formación profesional	Mujeres	449
Abril 2020	22	Huesca	41	Enseñanza superior de formación profesional	Hombres	267
Abril 2020	22	Huesca	41	Enseñanza superior de formación profesional	Mujeres	423
Abril 2020	22	Huesca	42	Enseñanza superior universitaria	Hombres	300
Abril 2020	22	Huesca	42	Enseñanza superior universitaria	Mujeres	711
Abril 2020	44	Teruel	10	Educación Primaria o inferior	Hombres	810
Abril 2020	44	Teruel	10	Educación Primaria o inferior	Mujeres	1027
Abril 2020	44	Teruel	20	Primera etapa de educación secundaria	Hombres	1510
Abril 2020	44	Teruel	20	Primera etapa de educación secundaria	Mujeres	1433
Abril 2020	44	Teruel	31	Bachillerato	Hombres	139
Abril 2020	44	Teruel	31	Bachillerato	Mujeres	190
Abril 2020	44	Teruel	32	Enseñanza media de formación profesional	Hombres	196
Abril 2020	44	Teruel	32	Enseñanza media de formación profesional	Mujeres	306
Abril 2020	44	Teruel	41	Enseñanza superior de formación profesional	Hombres	142
Abril 2020	44	Teruel	41	Enseñanza superior de formación profesional	Mujeres	205
Abril 2020	44	Teruel	42	Enseñanza superior universitaria	Hombres	160
Abril 2020	44	Teruel	42	Enseñanza superior universitaria	Mujeres	401
Abril 2020	50	Zaragoza	10	Educación Primaria o inferior	Hombres	5127
Abril 2020	50	Zaragoza	10	Educación Primaria o inferior	Mujeres	6618
Abril 2020	50	Zaragoza	20	Primera etapa de educación secundaria	Hombres	14069
Abril 2020	50	Zaragoza	20	Primera etapa de educación secundaria	Mujeres	16915
Abril 2020	50	Zaragoza	31	Bachillerato	Hombres	2050
Abril 2020	50	Zaragoza	31	Bachillerato	Mujeres	2867
Abril 2020	50	Zaragoza	32	Enseñanza media de formación profesional	Hombres	1862
Abril 2020	50	Zaragoza	32	Enseñanza media de formación profesional	Mujeres	3005
Abril 2020	50	Zaragoza	41	Enseñanza superior de formación profesional	Hombres	1501
Abril 2020	50	Zaragoza	41	Enseñanza superior de formación profesional	Mujeres	2318
Abril 2020	50	Zaragoza	42	Enseñanza superior universitaria	Hombres	1873
Abril 2020	50	Zaragoza	42	Enseñanza superior universitaria	Mujeres	4136
Marzo 2020	22	Huesca	10	Educación Primaria o inferior	Hombres	1142
Marzo 2020	22	Huesca	10	Educación Primaria o inferior	Mujeres	1507
Marzo 2020	22	Huesca	20	Primera etapa de educación secundaria	Hombres	1925
Marzo 2020	22	Huesca	20	Primera etapa de educación secundaria	Mujeres	2108
Marzo 2020	22	Huesca	31	Bachillerato	Hombres	302
Marzo 2020	22	Huesca	31	Bachillerato	Mujeres	408
Marzo 2020	22	Huesca	32	Enseñanza media de formación profesional	Hombres	233
Marzo 2020	22	Huesca	32	Enseñanza media de formación profesional	Mujeres	422
Marzo 2020	22	Huesca	41	Enseñanza superior de formación profesional	Hombres	246
Marzo 2020	22	Huesca	41	Enseñanza superior de formación profesional	Mujeres	386
Marzo 2020	22	Huesca	42	Enseñanza superior universitaria	Hombres	274
Marzo 2020	22	Huesca	42	Enseñanza superior universitaria	Mujeres	650
Marzo 2020	44	Teruel	10	Educación Primaria o inferior	Hombres	747
Marzo 2020	44	Teruel	10	Educación Primaria o inferior	Mujeres	1002
Marzo 2020	44	Teruel	20	Primera etapa de educación secundaria	Hombres	1350
Marzo 2020	44	Teruel	20	Primera etapa de educación secundaria	Mujeres	1368
Marzo 2020	44	Teruel	31	Bachillerato	Hombres	127
Marzo 2020	44	Teruel	31	Bachillerato	Mujeres	159
Marzo 2020	44	Teruel	32	Enseñanza media de formación profesional	Hombres	160
Marzo 2020	44	Teruel	32	Enseñanza media de formación profesional	Mujeres	301
Marzo 2020	44	Teruel	41	Enseñanza superior de formación profesional	Hombres	120
Marzo 2020	44	Teruel	41	Enseñanza superior de formación profesional	Mujeres	185
Marzo 2020	44	Teruel	42	Enseñanza superior universitaria	Hombres	149
Marzo 2020	44	Teruel	42	Enseñanza superior universitaria	Mujeres	354
Marzo 2020	50	Zaragoza	10	Educación Primaria o inferior	Hombres	4690
Marzo 2020	50	Zaragoza	10	Educación Primaria o inferior	Mujeres	6265
Marzo 2020	50	Zaragoza	20	Primera etapa de educación secundaria	Hombres	12366
Marzo 2020	50	Zaragoza	20	Primera etapa de educación secundaria	Mujeres	15826
Marzo 2020	50	Zaragoza	31	Bachillerato	Hombres	1802
Marzo 2020	50	Zaragoza	31	Bachillerato	Mujeres	2620
Marzo 2020	50	Zaragoza	32	Enseñanza media de formación profesional	Hombres	1533
Marzo 2020	50	Zaragoza	32	Enseñanza media de formación profesional	Mujeres	2855
Marzo 2020	50	Zaragoza	41	Enseñanza superior de formación profesional	Hombres	1300
Marzo 2020	50	Zaragoza	41	Enseñanza superior de formación profesional	Mujeres	2108
Marzo 2020	50	Zaragoza	42	Enseñanza superior universitaria	Hombres	1681
Marzo 2020	50	Zaragoza	42	Enseñanza superior universitaria	Mujeres	3810
Febrero 2020	22	Huesca	10	Educación Primaria o inferior	Hombres	1001
Febrero 2020	22	Huesca	10	Educación Primaria o inferior	Mujeres	1424
Febrero 2020	22	Huesca	20	Primera etapa de educación secundaria	Hombres	1649
Febrero 2020	22	Huesca	20	Primera etapa de educación secundaria	Mujeres	1938
Febrero 2020	22	Huesca	31	Bachillerato	Hombres	270
Febrero 2020	22	Huesca	31	Bachillerato	Mujeres	370
Febrero 2020	22	Huesca	32	Enseñanza media de formación profesional	Hombres	193
Febrero 2020	22	Huesca	32	Enseñanza media de formación profesional	Mujeres	398
Febrero 2020	22	Huesca	41	Enseñanza superior de formación profesional	Hombres	198
Febrero 2020	22	Huesca	41	Enseñanza superior de formación profesional	Mujeres	340
Febrero 2020	22	Huesca	42	Enseñanza superior universitaria	Hombres	243
Febrero 2020	22	Huesca	42	Enseñanza superior universitaria	Mujeres	592
Febrero 2020	44	Teruel	10	Educación Primaria o inferior	Hombres	641
Febrero 2020	44	Teruel	10	Educación Primaria o inferior	Mujeres	968
Febrero 2020	44	Teruel	20	Primera etapa de educación secundaria	Hombres	1206
Febrero 2020	44	Teruel	20	Primera etapa de educación secundaria	Mujeres	1307
Febrero 2020	44	Teruel	31	Bachillerato	Hombres	115
Febrero 2020	44	Teruel	31	Bachillerato	Mujeres	147
Febrero 2020	44	Teruel	32	Enseñanza media de formación profesional	Hombres	141
Febrero 2020	44	Teruel	32	Enseñanza media de formación profesional	Mujeres	304
Febrero 2020	44	Teruel	41	Enseñanza superior de formación profesional	Hombres	104
Febrero 2020	44	Teruel	41	Enseñanza superior de formación profesional	Mujeres	187
Febrero 2020	44	Teruel	42	Enseñanza superior universitaria	Hombres	124
Febrero 2020	44	Teruel	42	Enseñanza superior universitaria	Mujeres	346
Febrero 2020	50	Zaragoza	10	Educación Primaria o inferior	Hombres	4256
Febrero 2020	50	Zaragoza	10	Educación Primaria o inferior	Mujeres	5919
Febrero 2020	50	Zaragoza	20	Primera etapa de educación secundaria	Hombres	11080
Febrero 2020	50	Zaragoza	20	Primera etapa de educación secundaria	Mujeres	15004
Febrero 2020	50	Zaragoza	31	Bachillerato	Hombres	1614
Febrero 2020	50	Zaragoza	31	Bachillerato	Mujeres	2423
Febrero 2020	50	Zaragoza	32	Enseñanza media de formación profesional	Hombres	1346
Febrero 2020	50	Zaragoza	32	Enseñanza media de formación profesional	Mujeres	2812
Febrero 2020	50	Zaragoza	41	Enseñanza superior de formación profesional	Hombres	1150
Febrero 2020	50	Zaragoza	41	Enseñanza superior de formación profesional	Mujeres	1952
Febrero 2020	50	Zaragoza	42	Enseñanza superior universitaria	Hombres	1565
Febrero 2020	50	Zaragoza	42	Enseñanza superior universitaria	Mujeres	3645
Enero 2020	22	Huesca	10	Educación Primaria o inferior	Hombres	1039
Enero 2020	22	Huesca	10	Educación Primaria o inferior	Mujeres	1422
Enero 2020	22	Huesca	20	Primera etapa de educación secundaria	Hombres	1694
Enero 2020	22	Huesca	20	Primera etapa de educación secundaria	Mujeres	1964
Enero 2020	22	Huesca	31	Bachillerato	Hombres	269
Enero 2020	22	Huesca	31	Bachillerato	Mujeres	393
Enero 2020	22	Huesca	32	Enseñanza media de formación profesional	Hombres	208
Enero 2020	22	Huesca	32	Enseñanza media de formación profesional	Mujeres	403
Enero 2020	22	Huesca	41	Enseñanza superior de formación profesional	Hombres	208
Enero 2020	22	Huesca	41	Enseñanza superior de formación profesional	Mujeres	357
Enero 2020	22	Huesca	42	Enseñanza superior universitaria	Hombres	253
Enero 2020	22	Huesca	42	Enseñanza superior universitaria	Mujeres	627
Enero 2020	44	Teruel	10	Educación Primaria o inferior	Hombres	730
Enero 2020	44	Teruel	10	Educación Primaria o inferior	Mujeres	994
Enero 2020	44	Teruel	20	Primera etapa de educación secundaria	Hombres	1241
Enero 2020	44	Teruel	20	Primera etapa de educación secundaria	Mujeres	1348
Enero 2020	44	Teruel	31	Bachillerato	Hombres	115
Enero 2020	44	Teruel	31	Bachillerato	Mujeres	159
Enero 2020	44	Teruel	32	Enseñanza media de formación profesional	Hombres	158
Enero 2020	44	Teruel	32	Enseñanza media de formación profesional	Mujeres	335
Enero 2020	44	Teruel	41	Enseñanza superior de formación profesional	Hombres	108
Enero 2020	44	Teruel	41	Enseñanza superior de formación profesional	Mujeres	193
Enero 2020	44	Teruel	42	Enseñanza superior universitaria	Hombres	137
Enero 2020	44	Teruel	42	Enseñanza superior universitaria	Mujeres	372
Enero 2020	50	Zaragoza	10	Educación Primaria o inferior	Hombres	4252
Enero 2020	50	Zaragoza	10	Educación Primaria o inferior	Mujeres	5904
Enero 2020	50	Zaragoza	20	Primera etapa de educación secundaria	Hombres	11138
Enero 2020	50	Zaragoza	20	Primera etapa de educación secundaria	Mujeres	14923
Enero 2020	50	Zaragoza	31	Bachillerato	Hombres	1607
Enero 2020	50	Zaragoza	31	Bachillerato	Mujeres	2450
Enero 2020	50	Zaragoza	32	Enseñanza media de formación profesional	Hombres	1404
Enero 2020	50	Zaragoza	32	Enseñanza media de formación profesional	Mujeres	2781
Enero 2020	50	Zaragoza	41	Enseñanza superior de formación profesional	Hombres	1181
Enero 2020	50	Zaragoza	41	Enseñanza superior de formación profesional	Mujeres	2009
Enero 2020	50	Zaragoza	42	Enseñanza superior universitaria	Hombres	1615
Enero 2020	50	Zaragoza	42	Enseñanza superior universitaria	Mujeres	3644
Diciembre 2019	22	Huesca	10	Educación Primaria o inferior	Hombres	1028
Diciembre 2019	22	Huesca	10	Educación Primaria o inferior	Mujeres	1342
Diciembre 2019	22	Huesca	20	Primera etapa de educación secundaria	Hombres	1611
Diciembre 2019	22	Huesca	20	Primera etapa de educación secundaria	Mujeres	1829
Diciembre 2019	22	Huesca	31	Bachillerato	Hombres	258
Diciembre 2019	22	Huesca	31	Bachillerato	Mujeres	379
Diciembre 2019	22	Huesca	32	Enseñanza media de formación profesional	Hombres	193
Diciembre 2019	22	Huesca	32	Enseñanza media de formación profesional	Mujeres	354
Diciembre 2019	22	Huesca	41	Enseñanza superior de formación profesional	Hombres	175
Diciembre 2019	22	Huesca	41	Enseñanza superior de formación profesional	Mujeres	329
Diciembre 2019	22	Huesca	42	Enseñanza superior universitaria	Hombres	229
Diciembre 2019	22	Huesca	42	Enseñanza superior universitaria	Mujeres	568
Diciembre 2019	44	Teruel	10	Educación Primaria o inferior	Hombres	689
Diciembre 2019	44	Teruel	10	Educación Primaria o inferior	Mujeres	950
Diciembre 2019	44	Teruel	20	Primera etapa de educación secundaria	Hombres	1211
Diciembre 2019	44	Teruel	20	Primera etapa de educación secundaria	Mujeres	1283
Diciembre 2019	44	Teruel	31	Bachillerato	Hombres	117
Diciembre 2019	44	Teruel	31	Bachillerato	Mujeres	160
Diciembre 2019	44	Teruel	32	Enseñanza media de formación profesional	Hombres	158
Diciembre 2019	44	Teruel	32	Enseñanza media de formación profesional	Mujeres	321
Diciembre 2019	44	Teruel	41	Enseñanza superior de formación profesional	Hombres	115
Diciembre 2019	44	Teruel	41	Enseñanza superior de formación profesional	Mujeres	173
Diciembre 2019	44	Teruel	42	Enseñanza superior universitaria	Hombres	134
Diciembre 2019	44	Teruel	42	Enseñanza superior universitaria	Mujeres	329
Diciembre 2019	50	Zaragoza	10	Educación Primaria o inferior	Hombres	4169
Diciembre 2019	50	Zaragoza	10	Educación Primaria o inferior	Mujeres	5696
Diciembre 2019	50	Zaragoza	20	Primera etapa de educación secundaria	Hombres	11006
Diciembre 2019	50	Zaragoza	20	Primera etapa de educación secundaria	Mujeres	14464
Diciembre 2019	50	Zaragoza	31	Bachillerato	Hombres	1583
Diciembre 2019	50	Zaragoza	31	Bachillerato	Mujeres	2332
Diciembre 2019	50	Zaragoza	32	Enseñanza media de formación profesional	Hombres	1348
Diciembre 2019	50	Zaragoza	32	Enseñanza media de formación profesional	Mujeres	2400
Diciembre 2019	50	Zaragoza	41	Enseñanza superior de formación profesional	Hombres	1137
Diciembre 2019	50	Zaragoza	41	Enseñanza superior de formación profesional	Mujeres	1837
Diciembre 2019	50	Zaragoza	42	Enseñanza superior universitaria	Hombres	1561
Diciembre 2019	50	Zaragoza	42	Enseñanza superior universitaria	Mujeres	3388
Noviembre 2019	22	Huesca	10	Educación Primaria o inferior	Hombres	1028
Noviembre 2019	22	Huesca	10	Educación Primaria o inferior	Mujeres	1419
Noviembre 2019	22	Huesca	20	Primera etapa de educación secundaria	Hombres	1636
Noviembre 2019	22	Huesca	20	Primera etapa de educación secundaria	Mujeres	1957
Noviembre 2019	22	Huesca	31	Bachillerato	Hombres	270
Noviembre 2019	22	Huesca	31	Bachillerato	Mujeres	399
Noviembre 2019	22	Huesca	32	Enseñanza media de formación profesional	Hombres	215
Noviembre 2019	22	Huesca	32	Enseñanza media de formación profesional	Mujeres	382
Noviembre 2019	22	Huesca	41	Enseñanza superior de formación profesional	Hombres	170
Noviembre 2019	22	Huesca	41	Enseñanza superior de formación profesional	Mujeres	350
Noviembre 2019	22	Huesca	42	Enseñanza superior universitaria	Hombres	250
Noviembre 2019	22	Huesca	42	Enseñanza superior universitaria	Mujeres	586
Noviembre 2019	44	Teruel	10	Educación Primaria o inferior	Hombres	687
Noviembre 2019	44	Teruel	10	Educación Primaria o inferior	Mujeres	994
Noviembre 2019	44	Teruel	20	Primera etapa de educación secundaria	Hombres	1202
Noviembre 2019	44	Teruel	20	Primera etapa de educación secundaria	Mujeres	1341
Noviembre 2019	44	Teruel	31	Bachillerato	Hombres	119
Noviembre 2019	44	Teruel	31	Bachillerato	Mujeres	171
Noviembre 2019	44	Teruel	32	Enseñanza media de formación profesional	Hombres	152
Noviembre 2019	44	Teruel	32	Enseñanza media de formación profesional	Mujeres	320
Noviembre 2019	44	Teruel	41	Enseñanza superior de formación profesional	Hombres	102
Noviembre 2019	44	Teruel	41	Enseñanza superior de formación profesional	Mujeres	189
Noviembre 2019	44	Teruel	42	Enseñanza superior universitaria	Hombres	124
Noviembre 2019	44	Teruel	42	Enseñanza superior universitaria	Mujeres	334
Noviembre 2019	50	Zaragoza	10	Educación Primaria o inferior	Hombres	4053
Noviembre 2019	50	Zaragoza	10	Educación Primaria o inferior	Mujeres	5764
Noviembre 2019	50	Zaragoza	20	Primera etapa de educación secundaria	Hombres	10683
Noviembre 2019	50	Zaragoza	20	Primera etapa de educación secundaria	Mujeres	14665
Noviembre 2019	50	Zaragoza	31	Bachillerato	Hombres	1562
Noviembre 2019	50	Zaragoza	31	Bachillerato	Mujeres	2387
Noviembre 2019	50	Zaragoza	32	Enseñanza media de formación profesional	Hombres	1311
Noviembre 2019	50	Zaragoza	32	Enseñanza media de formación profesional	Mujeres	2525
Noviembre 2019	50	Zaragoza	41	Enseñanza superior de formación profesional	Hombres	1100
Noviembre 2019	50	Zaragoza	41	Enseñanza superior de formación profesional	Mujeres	1847
Noviembre 2019	50	Zaragoza	42	Enseñanza superior universitaria	Hombres	1528
Noviembre 2019	50	Zaragoza	42	Enseñanza superior universitaria	Mujeres	3401
Octubre 2019	22	Huesca	10	Educación Primaria o inferior	Hombres	1030
Octubre 2019	22	Huesca	10	Educación Primaria o inferior	Mujeres	1392
Octubre 2019	22	Huesca	20	Primera etapa de educación secundaria	Hombres	1678
Octubre 2019	22	Huesca	20	Primera etapa de educación secundaria	Mujeres	1959
Octubre 2019	22	Huesca	31	Bachillerato	Hombres	290
Octubre 2019	22	Huesca	31	Bachillerato	Mujeres	401
Octubre 2019	22	Huesca	32	Enseñanza media de formación profesional	Hombres	206
Octubre 2019	22	Huesca	32	Enseñanza media de formación profesional	Mujeres	386
Octubre 2019	22	Huesca	41	Enseñanza superior de formación profesional	Hombres	176
Octubre 2019	22	Huesca	41	Enseñanza superior de formación profesional	Mujeres	353
Octubre 2019	22	Huesca	42	Enseñanza superior universitaria	Hombres	265
Octubre 2019	22	Huesca	42	Enseñanza superior universitaria	Mujeres	589
Octubre 2019	44	Teruel	10	Educación Primaria o inferior	Hombres	657
Octubre 2019	44	Teruel	10	Educación Primaria o inferior	Mujeres	912
Octubre 2019	44	Teruel	20	Primera etapa de educación secundaria	Hombres	1181
Octubre 2019	44	Teruel	20	Primera etapa de educación secundaria	Mujeres	1275
Octubre 2019	44	Teruel	31	Bachillerato	Hombres	131
Octubre 2019	44	Teruel	31	Bachillerato	Mujeres	171
Octubre 2019	44	Teruel	32	Enseñanza media de formación profesional	Hombres	167
Octubre 2019	44	Teruel	32	Enseñanza media de formación profesional	Mujeres	327
Octubre 2019	44	Teruel	41	Enseñanza superior de formación profesional	Hombres	108
Octubre 2019	44	Teruel	41	Enseñanza superior de formación profesional	Mujeres	191
Octubre 2019	44	Teruel	42	Enseñanza superior universitaria	Hombres	136
Octubre 2019	44	Teruel	42	Enseñanza superior universitaria	Mujeres	348
Octubre 2019	50	Zaragoza	10	Educación Primaria o inferior	Hombres	4031
Octubre 2019	50	Zaragoza	10	Educación Primaria o inferior	Mujeres	5580
Octubre 2019	50	Zaragoza	20	Primera etapa de educación secundaria	Hombres	10625
Octubre 2019	50	Zaragoza	20	Primera etapa de educación secundaria	Mujeres	14593
Octubre 2019	50	Zaragoza	31	Bachillerato	Hombres	1582
Octubre 2019	50	Zaragoza	31	Bachillerato	Mujeres	2423
Octubre 2019	50	Zaragoza	32	Enseñanza media de formación profesional	Hombres	1320
Octubre 2019	50	Zaragoza	32	Enseñanza media de formación profesional	Mujeres	2644
Octubre 2019	50	Zaragoza	41	Enseñanza superior de formación profesional	Hombres	1119
Octubre 2019	50	Zaragoza	41	Enseñanza superior de formación profesional	Mujeres	1898
Octubre 2019	50	Zaragoza	42	Enseñanza superior universitaria	Hombres	1572
Octubre 2019	50	Zaragoza	42	Enseñanza superior universitaria	Mujeres	3519
Septiembre 2019	22	Huesca	10	Educación Primaria o inferior	Hombres	954
Septiembre 2019	22	Huesca	10	Educación Primaria o inferior	Mujeres	1215
Septiembre 2019	22	Huesca	20	Primera etapa de educación secundaria	Hombres	1605
Septiembre 2019	22	Huesca	20	Primera etapa de educación secundaria	Mujeres	1816
Septiembre 2019	22	Huesca	31	Bachillerato	Hombres	295
Septiembre 2019	22	Huesca	31	Bachillerato	Mujeres	380
Septiembre 2019	22	Huesca	32	Enseñanza media de formación profesional	Hombres	201
Septiembre 2019	22	Huesca	32	Enseñanza media de formación profesional	Mujeres	352
Septiembre 2019	22	Huesca	41	Enseñanza superior de formación profesional	Hombres	158
Septiembre 2019	22	Huesca	41	Enseñanza superior de formación profesional	Mujeres	349
Septiembre 2019	22	Huesca	42	Enseñanza superior universitaria	Hombres	248
Septiembre 2019	22	Huesca	42	Enseñanza superior universitaria	Mujeres	595
Septiembre 2019	44	Teruel	10	Educación Primaria o inferior	Hombres	582
Septiembre 2019	44	Teruel	10	Educación Primaria o inferior	Mujeres	857
Septiembre 2019	44	Teruel	20	Primera etapa de educación secundaria	Hombres	1054
Septiembre 2019	44	Teruel	20	Primera etapa de educación secundaria	Mujeres	1190
Septiembre 2019	44	Teruel	31	Bachillerato	Hombres	119
Septiembre 2019	44	Teruel	31	Bachillerato	Mujeres	165
Septiembre 2019	44	Teruel	32	Enseñanza media de formación profesional	Hombres	144
Septiembre 2019	44	Teruel	32	Enseñanza media de formación profesional	Mujeres	259
Septiembre 2019	44	Teruel	41	Enseñanza superior de formación profesional	Hombres	105
Septiembre 2019	44	Teruel	41	Enseñanza superior de formación profesional	Mujeres	164
Septiembre 2019	44	Teruel	42	Enseñanza superior universitaria	Hombres	140
Septiembre 2019	44	Teruel	42	Enseñanza superior universitaria	Mujeres	364
Septiembre 2019	50	Zaragoza	10	Educación Primaria o inferior	Hombres	3496
Septiembre 2019	50	Zaragoza	10	Educación Primaria o inferior	Mujeres	5242
Septiembre 2019	50	Zaragoza	20	Primera etapa de educación secundaria	Hombres	10398
Septiembre 2019	50	Zaragoza	20	Primera etapa de educación secundaria	Mujeres	14305
Septiembre 2019	50	Zaragoza	31	Bachillerato	Hombres	1594
Septiembre 2019	50	Zaragoza	31	Bachillerato	Mujeres	2478
Septiembre 2019	50	Zaragoza	32	Enseñanza media de formación profesional	Hombres	1281
Septiembre 2019	50	Zaragoza	32	Enseñanza media de formación profesional	Mujeres	2471
Septiembre 2019	50	Zaragoza	41	Enseñanza superior de formación profesional	Hombres	1099
Septiembre 2019	50	Zaragoza	41	Enseñanza superior de formación profesional	Mujeres	1940
Septiembre 2019	50	Zaragoza	42	Enseñanza superior universitaria	Hombres	1608
Septiembre 2019	50	Zaragoza	42	Enseñanza superior universitaria	Mujeres	3640
Agosto 2019	22	Huesca	10	Educación Primaria o inferior	Hombres	812
Agosto 2019	22	Huesca	10	Educación Primaria o inferior	Mujeres	1029
Agosto 2019	22	Huesca	20	Primera etapa de educación secundaria	Hombres	1497
Agosto 2019	22	Huesca	20	Primera etapa de educación secundaria	Mujeres	1744
Agosto 2019	22	Huesca	31	Bachillerato	Hombres	245
Agosto 2019	22	Huesca	31	Bachillerato	Mujeres	353
Agosto 2019	22	Huesca	32	Enseñanza media de formación profesional	Hombres	162
Agosto 2019	22	Huesca	32	Enseñanza media de formación profesional	Mujeres	351
Agosto 2019	22	Huesca	41	Enseñanza superior de formación profesional	Hombres	134
Agosto 2019	22	Huesca	41	Enseñanza superior de formación profesional	Mujeres	343
Agosto 2019	22	Huesca	42	Enseñanza superior universitaria	Hombres	283
Agosto 2019	22	Huesca	42	Enseñanza superior universitaria	Mujeres	660
Agosto 2019	44	Teruel	10	Educación Primaria o inferior	Hombres	574
Agosto 2019	44	Teruel	10	Educación Primaria o inferior	Mujeres	833
Agosto 2019	44	Teruel	20	Primera etapa de educación secundaria	Hombres	1018
Agosto 2019	44	Teruel	20	Primera etapa de educación secundaria	Mujeres	1086
Agosto 2019	44	Teruel	31	Bachillerato	Hombres	103
Agosto 2019	44	Teruel	31	Bachillerato	Mujeres	137
Agosto 2019	44	Teruel	32	Enseñanza media de formación profesional	Hombres	131
Agosto 2019	44	Teruel	32	Enseñanza media de formación profesional	Mujeres	239
Agosto 2019	44	Teruel	41	Enseñanza superior de formación profesional	Hombres	95
Agosto 2019	44	Teruel	41	Enseñanza superior de formación profesional	Mujeres	158
Agosto 2019	44	Teruel	42	Enseñanza superior universitaria	Hombres	142
Agosto 2019	44	Teruel	42	Enseñanza superior universitaria	Mujeres	400
Agosto 2019	50	Zaragoza	10	Educación Primaria o inferior	Hombres	3350
Agosto 2019	50	Zaragoza	10	Educación Primaria o inferior	Mujeres	4970
Agosto 2019	50	Zaragoza	20	Primera etapa de educación secundaria	Hombres	10314
Agosto 2019	50	Zaragoza	20	Primera etapa de educación secundaria	Mujeres	14164
Agosto 2019	50	Zaragoza	31	Bachillerato	Hombres	1629
Agosto 2019	50	Zaragoza	31	Bachillerato	Mujeres	2347
Agosto 2019	50	Zaragoza	32	Enseñanza media de formación profesional	Hombres	1269
Agosto 2019	50	Zaragoza	32	Enseñanza media de formación profesional	Mujeres	2368
Agosto 2019	50	Zaragoza	41	Enseñanza superior de formación profesional	Hombres	1099
Agosto 2019	50	Zaragoza	41	Enseñanza superior de formación profesional	Mujeres	1876
Agosto 2019	50	Zaragoza	42	Enseñanza superior universitaria	Hombres	1644
Agosto 2019	50	Zaragoza	42	Enseñanza superior universitaria	Mujeres	3924
Julio 2019	22	Huesca	10	Educación Primaria o inferior	Hombres	817
Julio 2019	22	Huesca	10	Educación Primaria o inferior	Mujeres	1027
Julio 2019	22	Huesca	20	Primera etapa de educación secundaria	Hombres	1486
Julio 2019	22	Huesca	20	Primera etapa de educación secundaria	Mujeres	1736
Julio 2019	22	Huesca	31	Bachillerato	Hombres	245
Julio 2019	22	Huesca	31	Bachillerato	Mujeres	364
Julio 2019	22	Huesca	32	Enseñanza media de formación profesional	Hombres	159
Julio 2019	22	Huesca	32	Enseñanza media de formación profesional	Mujeres	335
Julio 2019	22	Huesca	41	Enseñanza superior de formación profesional	Hombres	125
Julio 2019	22	Huesca	41	Enseñanza superior de formación profesional	Mujeres	329
Julio 2019	22	Huesca	42	Enseñanza superior universitaria	Hombres	245
Julio 2019	22	Huesca	42	Enseñanza superior universitaria	Mujeres	603
Julio 2019	44	Teruel	10	Educación Primaria o inferior	Hombres	563
Julio 2019	44	Teruel	10	Educación Primaria o inferior	Mujeres	826
Julio 2019	44	Teruel	20	Primera etapa de educación secundaria	Hombres	996
Julio 2019	44	Teruel	20	Primera etapa de educación secundaria	Mujeres	1129
Julio 2019	44	Teruel	31	Bachillerato	Hombres	98
Julio 2019	44	Teruel	31	Bachillerato	Mujeres	144
Julio 2019	44	Teruel	32	Enseñanza media de formación profesional	Hombres	125
Julio 2019	44	Teruel	32	Enseñanza media de formación profesional	Mujeres	257
Julio 2019	44	Teruel	41	Enseñanza superior de formación profesional	Hombres	96
Julio 2019	44	Teruel	41	Enseñanza superior de formación profesional	Mujeres	147
Julio 2019	44	Teruel	42	Enseñanza superior universitaria	Hombres	131
Julio 2019	44	Teruel	42	Enseñanza superior universitaria	Mujeres	357
Julio 2019	50	Zaragoza	10	Educación Primaria o inferior	Hombres	3465
Julio 2019	50	Zaragoza	10	Educación Primaria o inferior	Mujeres	5157
Julio 2019	50	Zaragoza	20	Primera etapa de educación secundaria	Hombres	10054
Julio 2019	50	Zaragoza	20	Primera etapa de educación secundaria	Mujeres	14218
Julio 2019	50	Zaragoza	31	Bachillerato	Hombres	1543
Julio 2019	50	Zaragoza	31	Bachillerato	Mujeres	2266
Julio 2019	50	Zaragoza	32	Enseñanza media de formación profesional	Hombres	1183
Julio 2019	50	Zaragoza	32	Enseñanza media de formación profesional	Mujeres	2300
Julio 2019	50	Zaragoza	41	Enseñanza superior de formación profesional	Hombres	1022
Julio 2019	50	Zaragoza	41	Enseñanza superior de formación profesional	Mujeres	1745
Julio 2019	50	Zaragoza	42	Enseñanza superior universitaria	Hombres	1516
Julio 2019	50	Zaragoza	42	Enseñanza superior universitaria	Mujeres	3645
Junio 2019	22	Huesca	10	Educación Primaria o inferior	Hombres	776
Junio 2019	22	Huesca	10	Educación Primaria o inferior	Mujeres	1094
Junio 2019	22	Huesca	20	Primera etapa de educación secundaria	Hombres	1545
Junio 2019	22	Huesca	20	Primera etapa de educación secundaria	Mujeres	1804
Junio 2019	22	Huesca	31	Bachillerato	Hombres	259
Junio 2019	22	Huesca	31	Bachillerato	Mujeres	343
Junio 2019	22	Huesca	32	Enseñanza media de formación profesional	Hombres	163
Junio 2019	22	Huesca	32	Enseñanza media de formación profesional	Mujeres	344
Junio 2019	22	Huesca	41	Enseñanza superior de formación profesional	Hombres	136
Junio 2019	22	Huesca	41	Enseñanza superior de formación profesional	Mujeres	297
Junio 2019	22	Huesca	42	Enseñanza superior universitaria	Hombres	232
Junio 2019	22	Huesca	42	Enseñanza superior universitaria	Mujeres	543
Junio 2019	44	Teruel	10	Educación Primaria o inferior	Hombres	562
Junio 2019	44	Teruel	10	Educación Primaria o inferior	Mujeres	853
Junio 2019	44	Teruel	20	Primera etapa de educación secundaria	Hombres	1044
Junio 2019	44	Teruel	20	Primera etapa de educación secundaria	Mujeres	1195
Junio 2019	44	Teruel	31	Bachillerato	Hombres	103
Junio 2019	44	Teruel	31	Bachillerato	Mujeres	152
Junio 2019	44	Teruel	32	Enseñanza media de formación profesional	Hombres	135
Junio 2019	44	Teruel	32	Enseñanza media de formación profesional	Mujeres	274
Junio 2019	44	Teruel	41	Enseñanza superior de formación profesional	Hombres	96
Junio 2019	44	Teruel	41	Enseñanza superior de formación profesional	Mujeres	161
Junio 2019	44	Teruel	42	Enseñanza superior universitaria	Hombres	113
Junio 2019	44	Teruel	42	Enseñanza superior universitaria	Mujeres	282
Junio 2019	50	Zaragoza	10	Educación Primaria o inferior	Hombres	3276
Junio 2019	50	Zaragoza	10	Educación Primaria o inferior	Mujeres	5166
Junio 2019	50	Zaragoza	20	Primera etapa de educación secundaria	Hombres	9809
Junio 2019	50	Zaragoza	20	Primera etapa de educación secundaria	Mujeres	14230
Junio 2019	50	Zaragoza	31	Bachillerato	Hombres	1557
Junio 2019	50	Zaragoza	31	Bachillerato	Mujeres	2271
Junio 2019	50	Zaragoza	32	Enseñanza media de formación profesional	Hombres	1148
Junio 2019	50	Zaragoza	32	Enseñanza media de formación profesional	Mujeres	2282
Junio 2019	50	Zaragoza	41	Enseñanza superior de formación profesional	Hombres	993
Junio 2019	50	Zaragoza	41	Enseñanza superior de formación profesional	Mujeres	1634
Junio 2019	50	Zaragoza	42	Enseñanza superior universitaria	Hombres	1413
Junio 2019	50	Zaragoza	42	Enseñanza superior universitaria	Mujeres	3223
Mayo 2019	22	Huesca	10	Educación Primaria o inferior	Hombres	792
Mayo 2019	22	Huesca	10	Educación Primaria o inferior	Mujeres	1195
Mayo 2019	22	Huesca	20	Primera etapa de educación secundaria	Hombres	1590
Mayo 2019	22	Huesca	20	Primera etapa de educación secundaria	Mujeres	1896
Mayo 2019	22	Huesca	31	Bachillerato	Hombres	268
Mayo 2019	22	Huesca	31	Bachillerato	Mujeres	346
Mayo 2019	22	Huesca	32	Enseñanza media de formación profesional	Hombres	173
Mayo 2019	22	Huesca	32	Enseñanza media de formación profesional	Mujeres	355
Mayo 2019	22	Huesca	41	Enseñanza superior de formación profesional	Hombres	161
Mayo 2019	22	Huesca	41	Enseñanza superior de formación profesional	Mujeres	289
Mayo 2019	22	Huesca	42	Enseñanza superior universitaria	Hombres	226
Mayo 2019	22	Huesca	42	Enseñanza superior universitaria	Mujeres	517
Mayo 2019	44	Teruel	10	Educación Primaria o inferior	Hombres	551
Mayo 2019	44	Teruel	10	Educación Primaria o inferior	Mujeres	911
Mayo 2019	44	Teruel	20	Primera etapa de educación secundaria	Hombres	996
Mayo 2019	44	Teruel	20	Primera etapa de educación secundaria	Mujeres	1246
Mayo 2019	44	Teruel	31	Bachillerato	Hombres	118
Mayo 2019	44	Teruel	31	Bachillerato	Mujeres	151
Mayo 2019	44	Teruel	32	Enseñanza media de formación profesional	Hombres	116
Mayo 2019	44	Teruel	32	Enseñanza media de formación profesional	Mujeres	298
Mayo 2019	44	Teruel	41	Enseñanza superior de formación profesional	Hombres	90
Mayo 2019	44	Teruel	41	Enseñanza superior de formación profesional	Mujeres	168
Mayo 2019	44	Teruel	42	Enseñanza superior universitaria	Hombres	108
Mayo 2019	44	Teruel	42	Enseñanza superior universitaria	Mujeres	297
Mayo 2019	50	Zaragoza	10	Educación Primaria o inferior	Hombres	3337
Mayo 2019	50	Zaragoza	10	Educación Primaria o inferior	Mujeres	5339
Mayo 2019	50	Zaragoza	20	Primera etapa de educación secundaria	Hombres	10104
Mayo 2019	50	Zaragoza	20	Primera etapa de educación secundaria	Mujeres	14461
Mayo 2019	50	Zaragoza	31	Bachillerato	Hombres	1580
Mayo 2019	50	Zaragoza	31	Bachillerato	Mujeres	2285
Mayo 2019	50	Zaragoza	32	Enseñanza media de formación profesional	Hombres	1187
Mayo 2019	50	Zaragoza	32	Enseñanza media de formación profesional	Mujeres	2445
Mayo 2019	50	Zaragoza	41	Enseñanza superior de formación profesional	Hombres	983
Mayo 2019	50	Zaragoza	41	Enseñanza superior de formación profesional	Mujeres	1662
Mayo 2019	50	Zaragoza	42	Enseñanza superior universitaria	Hombres	1406
Mayo 2019	50	Zaragoza	42	Enseñanza superior universitaria	Mujeres	3084
Abril 2019	22	Huesca	10	Educación Primaria o inferior	Hombres	913
Abril 2019	22	Huesca	10	Educación Primaria o inferior	Mujeres	1365
Abril 2019	22	Huesca	20	Primera etapa de educación secundaria	Hombres	1647
Abril 2019	22	Huesca	20	Primera etapa de educación secundaria	Mujeres	1884
Abril 2019	22	Huesca	31	Bachillerato	Hombres	262
Abril 2019	22	Huesca	31	Bachillerato	Mujeres	338
Abril 2019	22	Huesca	32	Enseñanza media de formación profesional	Hombres	163
Abril 2019	22	Huesca	32	Enseñanza media de formación profesional	Mujeres	369
Abril 2019	22	Huesca	41	Enseñanza superior de formación profesional	Hombres	140
Abril 2019	22	Huesca	41	Enseñanza superior de formación profesional	Mujeres	292
Abril 2019	22	Huesca	42	Enseñanza superior universitaria	Hombres	226
Abril 2019	22	Huesca	42	Enseñanza superior universitaria	Mujeres	523
Abril 2019	44	Teruel	10	Educación Primaria o inferior	Hombres	638
Abril 2019	44	Teruel	10	Educación Primaria o inferior	Mujeres	963
Abril 2019	44	Teruel	20	Primera etapa de educación secundaria	Hombres	1042
Abril 2019	44	Teruel	20	Primera etapa de educación secundaria	Mujeres	1253
Abril 2019	44	Teruel	31	Bachillerato	Hombres	111
Abril 2019	44	Teruel	31	Bachillerato	Mujeres	162
Abril 2019	44	Teruel	32	Enseñanza media de formación profesional	Hombres	117
Abril 2019	44	Teruel	32	Enseñanza media de formación profesional	Mujeres	311
Abril 2019	44	Teruel	41	Enseñanza superior de formación profesional	Hombres	100
Abril 2019	44	Teruel	41	Enseñanza superior de formación profesional	Mujeres	174
Abril 2019	44	Teruel	42	Enseñanza superior universitaria	Hombres	107
Abril 2019	44	Teruel	42	Enseñanza superior universitaria	Mujeres	302
Abril 2019	50	Zaragoza	10	Educación Primaria o inferior	Hombres	4046
Abril 2019	50	Zaragoza	10	Educación Primaria o inferior	Mujeres	5762
Abril 2019	50	Zaragoza	20	Primera etapa de educación secundaria	Hombres	10662
Abril 2019	50	Zaragoza	20	Primera etapa de educación secundaria	Mujeres	14898
Abril 2019	50	Zaragoza	31	Bachillerato	Hombres	1595
Abril 2019	50	Zaragoza	31	Bachillerato	Mujeres	2329
Abril 2019	50	Zaragoza	32	Enseñanza media de formación profesional	Hombres	1282
Abril 2019	50	Zaragoza	32	Enseñanza media de formación profesional	Mujeres	2468
Abril 2019	50	Zaragoza	41	Enseñanza superior de formación profesional	Hombres	1013
Abril 2019	50	Zaragoza	41	Enseñanza superior de formación profesional	Mujeres	1725
Abril 2019	50	Zaragoza	42	Enseñanza superior universitaria	Hombres	1438
Abril 2019	50	Zaragoza	42	Enseñanza superior universitaria	Mujeres	3130
Marzo 2019	22	Huesca	10	Educación Primaria o inferior	Hombres	1007
Marzo 2019	22	Huesca	10	Educación Primaria o inferior	Mujeres	1465
Marzo 2019	22	Huesca	20	Primera etapa de educación secundaria	Hombres	1648
Marzo 2019	22	Huesca	20	Primera etapa de educación secundaria	Mujeres	1884
Marzo 2019	22	Huesca	31	Bachillerato	Hombres	243
Marzo 2019	22	Huesca	31	Bachillerato	Mujeres	344
Marzo 2019	22	Huesca	32	Enseñanza media de formación profesional	Hombres	163
Marzo 2019	22	Huesca	32	Enseñanza media de formación profesional	Mujeres	348
Marzo 2019	22	Huesca	41	Enseñanza superior de formación profesional	Hombres	148
Marzo 2019	22	Huesca	41	Enseñanza superior de formación profesional	Mujeres	299
Marzo 2019	22	Huesca	42	Enseñanza superior universitaria	Hombres	228
Marzo 2019	22	Huesca	42	Enseñanza superior universitaria	Mujeres	546
Marzo 2019	44	Teruel	10	Educación Primaria o inferior	Hombres	670
Marzo 2019	44	Teruel	10	Educación Primaria o inferior	Mujeres	1021
Marzo 2019	44	Teruel	20	Primera etapa de educación secundaria	Hombres	1058
Marzo 2019	44	Teruel	20	Primera etapa de educación secundaria	Mujeres	1295
Marzo 2019	44	Teruel	31	Bachillerato	Hombres	123
Marzo 2019	44	Teruel	31	Bachillerato	Mujeres	156
Marzo 2019	44	Teruel	32	Enseñanza media de formación profesional	Hombres	130
Marzo 2019	44	Teruel	32	Enseñanza media de formación profesional	Mujeres	309
Marzo 2019	44	Teruel	41	Enseñanza superior de formación profesional	Hombres	99
Marzo 2019	44	Teruel	41	Enseñanza superior de formación profesional	Mujeres	189
Marzo 2019	44	Teruel	42	Enseñanza superior universitaria	Hombres	106
Marzo 2019	44	Teruel	42	Enseñanza superior universitaria	Mujeres	293
Marzo 2019	50	Zaragoza	10	Educación Primaria o inferior	Hombres	4185
Marzo 2019	50	Zaragoza	10	Educación Primaria o inferior	Mujeres	5887
Marzo 2019	50	Zaragoza	20	Primera etapa de educación secundaria	Hombres	10893
Marzo 2019	50	Zaragoza	20	Primera etapa de educación secundaria	Mujeres	15247
Marzo 2019	50	Zaragoza	31	Bachillerato	Hombres	1609
Marzo 2019	50	Zaragoza	31	Bachillerato	Mujeres	2412
Marzo 2019	50	Zaragoza	32	Enseñanza media de formación profesional	Hombres	1306
Marzo 2019	50	Zaragoza	32	Enseñanza media de formación profesional	Mujeres	2620
Marzo 2019	50	Zaragoza	41	Enseñanza superior de formación profesional	Hombres	1003
Marzo 2019	50	Zaragoza	41	Enseñanza superior de formación profesional	Mujeres	1791
Marzo 2019	50	Zaragoza	42	Enseñanza superior universitaria	Hombres	1480
Marzo 2019	50	Zaragoza	42	Enseñanza superior universitaria	Mujeres	3207
Febrero 2019	22	Huesca	10	Educación Primaria o inferior	Hombres	1010
Febrero 2019	22	Huesca	10	Educación Primaria o inferior	Mujeres	1522
Febrero 2019	22	Huesca	20	Primera etapa de educación secundaria	Hombres	1728
Febrero 2019	22	Huesca	20	Primera etapa de educación secundaria	Mujeres	1906
Febrero 2019	22	Huesca	31	Bachillerato	Hombres	261
Febrero 2019	22	Huesca	31	Bachillerato	Mujeres	355
Febrero 2019	22	Huesca	32	Enseñanza media de formación profesional	Hombres	202
Febrero 2019	22	Huesca	32	Enseñanza media de formación profesional	Mujeres	366
Febrero 2019	22	Huesca	41	Enseñanza superior de formación profesional	Hombres	157
Febrero 2019	22	Huesca	41	Enseñanza superior de formación profesional	Mujeres	314
Febrero 2019	22	Huesca	42	Enseñanza superior universitaria	Hombres	241
Febrero 2019	22	Huesca	42	Enseñanza superior universitaria	Mujeres	588
Febrero 2019	44	Teruel	10	Educación Primaria o inferior	Hombres	680
Febrero 2019	44	Teruel	10	Educación Primaria o inferior	Mujeres	1024
Febrero 2019	44	Teruel	20	Primera etapa de educación secundaria	Hombres	1137
Febrero 2019	44	Teruel	20	Primera etapa de educación secundaria	Mujeres	1370
Febrero 2019	44	Teruel	31	Bachillerato	Hombres	130
Febrero 2019	44	Teruel	31	Bachillerato	Mujeres	169
Febrero 2019	44	Teruel	32	Enseñanza media de formación profesional	Hombres	148
Febrero 2019	44	Teruel	32	Enseñanza media de formación profesional	Mujeres	316
Febrero 2019	44	Teruel	41	Enseñanza superior de formación profesional	Hombres	105
Febrero 2019	44	Teruel	41	Enseñanza superior de formación profesional	Mujeres	202
Febrero 2019	44	Teruel	42	Enseñanza superior universitaria	Hombres	116
Febrero 2019	44	Teruel	42	Enseñanza superior universitaria	Mujeres	322
Febrero 2019	50	Zaragoza	10	Educación Primaria o inferior	Hombres	4150
Febrero 2019	50	Zaragoza	10	Educación Primaria o inferior	Mujeres	5740
Febrero 2019	50	Zaragoza	20	Primera etapa de educación secundaria	Hombres	11098
Febrero 2019	50	Zaragoza	20	Primera etapa de educación secundaria	Mujeres	15332
Febrero 2019	50	Zaragoza	31	Bachillerato	Hombres	1680
Febrero 2019	50	Zaragoza	31	Bachillerato	Mujeres	2483
Febrero 2019	50	Zaragoza	32	Enseñanza media de formación profesional	Hombres	1407
Febrero 2019	50	Zaragoza	32	Enseñanza media de formación profesional	Mujeres	2709
Febrero 2019	50	Zaragoza	41	Enseñanza superior de formación profesional	Hombres	1080
Febrero 2019	50	Zaragoza	41	Enseñanza superior de formación profesional	Mujeres	1908
Febrero 2019	50	Zaragoza	42	Enseñanza superior universitaria	Hombres	1558
Febrero 2019	50	Zaragoza	42	Enseñanza superior universitaria	Mujeres	3448
Enero 2019	22	Huesca	10	Educación Primaria o inferior	Hombres	1019
Enero 2019	22	Huesca	10	Educación Primaria o inferior	Mujeres	1565
Enero 2019	22	Huesca	20	Primera etapa de educación secundaria	Hombres	1772
Enero 2019	22	Huesca	20	Primera etapa de educación secundaria	Mujeres	2011
Enero 2019	22	Huesca	31	Bachillerato	Hombres	281
Enero 2019	22	Huesca	31	Bachillerato	Mujeres	392
Enero 2019	22	Huesca	32	Enseñanza media de formación profesional	Hombres	228
Enero 2019	22	Huesca	32	Enseñanza media de formación profesional	Mujeres	387
Enero 2019	22	Huesca	41	Enseñanza superior de formación profesional	Hombres	185
Enero 2019	22	Huesca	41	Enseñanza superior de formación profesional	Mujeres	360
Enero 2019	22	Huesca	42	Enseñanza superior universitaria	Hombres	276
Enero 2019	22	Huesca	42	Enseñanza superior universitaria	Mujeres	624
Enero 2019	44	Teruel	10	Educación Primaria o inferior	Hombres	711
Enero 2019	44	Teruel	10	Educación Primaria o inferior	Mujeres	1041
Enero 2019	44	Teruel	20	Primera etapa de educación secundaria	Hombres	1183
Enero 2019	44	Teruel	20	Primera etapa de educación secundaria	Mujeres	1389
Enero 2019	44	Teruel	31	Bachillerato	Hombres	124
Enero 2019	44	Teruel	31	Bachillerato	Mujeres	195
Enero 2019	44	Teruel	32	Enseñanza media de formación profesional	Hombres	153
Enero 2019	44	Teruel	32	Enseñanza media de formación profesional	Mujeres	349
Enero 2019	44	Teruel	41	Enseñanza superior de formación profesional	Hombres	113
Enero 2019	44	Teruel	41	Enseñanza superior de formación profesional	Mujeres	206
Enero 2019	44	Teruel	42	Enseñanza superior universitaria	Hombres	130
Enero 2019	44	Teruel	42	Enseñanza superior universitaria	Mujeres	359
Enero 2019	50	Zaragoza	10	Educación Primaria o inferior	Hombres	4173
Enero 2019	50	Zaragoza	10	Educación Primaria o inferior	Mujeres	5817
Enero 2019	50	Zaragoza	20	Primera etapa de educación secundaria	Hombres	11469
Enero 2019	50	Zaragoza	20	Primera etapa de educación secundaria	Mujeres	15394
Enero 2019	50	Zaragoza	31	Bachillerato	Hombres	1726
Enero 2019	50	Zaragoza	31	Bachillerato	Mujeres	2570
Enero 2019	50	Zaragoza	32	Enseñanza media de formación profesional	Hombres	1482
Enero 2019	50	Zaragoza	32	Enseñanza media de formación profesional	Mujeres	2793
Enero 2019	50	Zaragoza	41	Enseñanza superior de formación profesional	Hombres	1176
Enero 2019	50	Zaragoza	41	Enseñanza superior de formación profesional	Mujeres	2073
Enero 2019	50	Zaragoza	42	Enseñanza superior universitaria	Hombres	1644
Enero 2019	50	Zaragoza	42	Enseñanza superior universitaria	Mujeres	3689
Diciembre 2018	22	Huesca	10	Educación Primaria o inferior	Hombres	1010
Diciembre 2018	22	Huesca	10	Educación Primaria o inferior	Mujeres	1500
Diciembre 2018	22	Huesca	20	Primera etapa de educación secundaria	Hombres	1683
Diciembre 2018	22	Huesca	20	Primera etapa de educación secundaria	Mujeres	1841
Diciembre 2018	22	Huesca	31	Bachillerato	Hombres	284
Diciembre 2018	22	Huesca	31	Bachillerato	Mujeres	360
Diciembre 2018	22	Huesca	32	Enseñanza media de formación profesional	Hombres	190
Diciembre 2018	22	Huesca	32	Enseñanza media de formación profesional	Mujeres	347
Diciembre 2018	22	Huesca	41	Enseñanza superior de formación profesional	Hombres	178
Diciembre 2018	22	Huesca	41	Enseñanza superior de formación profesional	Mujeres	327
Diciembre 2018	22	Huesca	42	Enseñanza superior universitaria	Hombres	252
Diciembre 2018	22	Huesca	42	Enseñanza superior universitaria	Mujeres	584
Diciembre 2018	44	Teruel	10	Educación Primaria o inferior	Hombres	688
Diciembre 2018	44	Teruel	10	Educación Primaria o inferior	Mujeres	976
Diciembre 2018	44	Teruel	20	Primera etapa de educación secundaria	Hombres	1143
Diciembre 2018	44	Teruel	20	Primera etapa de educación secundaria	Mujeres	1333
Diciembre 2018	44	Teruel	31	Bachillerato	Hombres	113
Diciembre 2018	44	Teruel	31	Bachillerato	Mujeres	181
Diciembre 2018	44	Teruel	32	Enseñanza media de formación profesional	Hombres	149
Diciembre 2018	44	Teruel	32	Enseñanza media de formación profesional	Mujeres	306
Diciembre 2018	44	Teruel	41	Enseñanza superior de formación profesional	Hombres	107
Diciembre 2018	44	Teruel	41	Enseñanza superior de formación profesional	Mujeres	174
Diciembre 2018	44	Teruel	42	Enseñanza superior universitaria	Hombres	134
Diciembre 2018	44	Teruel	42	Enseñanza superior universitaria	Mujeres	328
Diciembre 2018	50	Zaragoza	10	Educación Primaria o inferior	Hombres	4099
Diciembre 2018	50	Zaragoza	10	Educación Primaria o inferior	Mujeres	5720
Diciembre 2018	50	Zaragoza	20	Primera etapa de educación secundaria	Hombres	11282
Diciembre 2018	50	Zaragoza	20	Primera etapa de educación secundaria	Mujeres	14825
Diciembre 2018	50	Zaragoza	31	Bachillerato	Hombres	1676
Diciembre 2018	50	Zaragoza	31	Bachillerato	Mujeres	2451
Diciembre 2018	50	Zaragoza	32	Enseñanza media de formación profesional	Hombres	1427
Diciembre 2018	50	Zaragoza	32	Enseñanza media de formación profesional	Mujeres	2440
Diciembre 2018	50	Zaragoza	41	Enseñanza superior de formación profesional	Hombres	1146
Diciembre 2018	50	Zaragoza	41	Enseñanza superior de formación profesional	Mujeres	1918
Diciembre 2018	50	Zaragoza	42	Enseñanza superior universitaria	Hombres	1527
Diciembre 2018	50	Zaragoza	42	Enseñanza superior universitaria	Mujeres	3480
Noviembre 2018	22	Huesca	10	Educación Primaria o inferior	Hombres	1028
Noviembre 2018	22	Huesca	10	Educación Primaria o inferior	Mujeres	1544
Noviembre 2018	22	Huesca	20	Primera etapa de educación secundaria	Hombres	1686
Noviembre 2018	22	Huesca	20	Primera etapa de educación secundaria	Mujeres	1958
Noviembre 2018	22	Huesca	31	Bachillerato	Hombres	304
Noviembre 2018	22	Huesca	31	Bachillerato	Mujeres	385
Noviembre 2018	22	Huesca	32	Enseñanza media de formación profesional	Hombres	194
Noviembre 2018	22	Huesca	32	Enseñanza media de formación profesional	Mujeres	389
Noviembre 2018	22	Huesca	41	Enseñanza superior de formación profesional	Hombres	186
Noviembre 2018	22	Huesca	41	Enseñanza superior de formación profesional	Mujeres	353
Noviembre 2018	22	Huesca	42	Enseñanza superior universitaria	Hombres	241
Noviembre 2018	22	Huesca	42	Enseñanza superior universitaria	Mujeres	608
Noviembre 2018	44	Teruel	10	Educación Primaria o inferior	Hombres	670
Noviembre 2018	44	Teruel	10	Educación Primaria o inferior	Mujeres	1012
Noviembre 2018	44	Teruel	20	Primera etapa de educación secundaria	Hombres	1112
Noviembre 2018	44	Teruel	20	Primera etapa de educación secundaria	Mujeres	1380
Noviembre 2018	44	Teruel	31	Bachillerato	Hombres	114
Noviembre 2018	44	Teruel	31	Bachillerato	Mujeres	175
Noviembre 2018	44	Teruel	32	Enseñanza media de formación profesional	Hombres	146
Noviembre 2018	44	Teruel	32	Enseñanza media de formación profesional	Mujeres	323
Noviembre 2018	44	Teruel	41	Enseñanza superior de formación profesional	Hombres	106
Noviembre 2018	44	Teruel	41	Enseñanza superior de formación profesional	Mujeres	197
Noviembre 2018	44	Teruel	42	Enseñanza superior universitaria	Hombres	120
Noviembre 2018	44	Teruel	42	Enseñanza superior universitaria	Mujeres	332
Noviembre 2018	50	Zaragoza	10	Educación Primaria o inferior	Hombres	4050
Noviembre 2018	50	Zaragoza	10	Educación Primaria o inferior	Mujeres	5761
Noviembre 2018	50	Zaragoza	20	Primera etapa de educación secundaria	Hombres	10855
Noviembre 2018	50	Zaragoza	20	Primera etapa de educación secundaria	Mujeres	14988
Noviembre 2018	50	Zaragoza	31	Bachillerato	Hombres	1696
Noviembre 2018	50	Zaragoza	31	Bachillerato	Mujeres	2535
Noviembre 2018	50	Zaragoza	32	Enseñanza media de formación profesional	Hombres	1355
Noviembre 2018	50	Zaragoza	32	Enseñanza media de formación profesional	Mujeres	2616
Noviembre 2018	50	Zaragoza	41	Enseñanza superior de formación profesional	Hombres	1064
Noviembre 2018	50	Zaragoza	41	Enseñanza superior de formación profesional	Mujeres	1946
Noviembre 2018	50	Zaragoza	42	Enseñanza superior universitaria	Hombres	1482
Noviembre 2018	50	Zaragoza	42	Enseñanza superior universitaria	Mujeres	3573
Octubre 2018	22	Huesca	10	Educación Primaria o inferior	Hombres	1080
Octubre 2018	22	Huesca	10	Educación Primaria o inferior	Mujeres	1492
Octubre 2018	22	Huesca	20	Primera etapa de educación secundaria	Hombres	1652
Octubre 2018	22	Huesca	20	Primera etapa de educación secundaria	Mujeres	1971
Octubre 2018	22	Huesca	31	Bachillerato	Hombres	298
Octubre 2018	22	Huesca	31	Bachillerato	Mujeres	384
Octubre 2018	22	Huesca	32	Enseñanza media de formación profesional	Hombres	204
Octubre 2018	22	Huesca	32	Enseñanza media de formación profesional	Mujeres	399
Octubre 2018	22	Huesca	41	Enseñanza superior de formación profesional	Hombres	190
Octubre 2018	22	Huesca	41	Enseñanza superior de formación profesional	Mujeres	363
Octubre 2018	22	Huesca	42	Enseñanza superior universitaria	Hombres	243
Octubre 2018	22	Huesca	42	Enseñanza superior universitaria	Mujeres	617
Octubre 2018	44	Teruel	10	Educación Primaria o inferior	Hombres	619
Octubre 2018	44	Teruel	10	Educación Primaria o inferior	Mujeres	927
Octubre 2018	44	Teruel	20	Primera etapa de educación secundaria	Hombres	1104
Octubre 2018	44	Teruel	20	Primera etapa de educación secundaria	Mujeres	1349
Octubre 2018	44	Teruel	31	Bachillerato	Hombres	119
Octubre 2018	44	Teruel	31	Bachillerato	Mujeres	171
Octubre 2018	44	Teruel	32	Enseñanza media de formación profesional	Hombres	150
Octubre 2018	44	Teruel	32	Enseñanza media de formación profesional	Mujeres	323
Octubre 2018	44	Teruel	41	Enseñanza superior de formación profesional	Hombres	107
Octubre 2018	44	Teruel	41	Enseñanza superior de formación profesional	Mujeres	194
Octubre 2018	44	Teruel	42	Enseñanza superior universitaria	Hombres	128
Octubre 2018	44	Teruel	42	Enseñanza superior universitaria	Mujeres	350
Octubre 2018	50	Zaragoza	10	Educación Primaria o inferior	Hombres	4024
Octubre 2018	50	Zaragoza	10	Educación Primaria o inferior	Mujeres	5462
Octubre 2018	50	Zaragoza	20	Primera etapa de educación secundaria	Hombres	10624
Octubre 2018	50	Zaragoza	20	Primera etapa de educación secundaria	Mujeres	14832
Octubre 2018	50	Zaragoza	31	Bachillerato	Hombres	1664
Octubre 2018	50	Zaragoza	31	Bachillerato	Mujeres	2552
Octubre 2018	50	Zaragoza	32	Enseñanza media de formación profesional	Hombres	1380
Octubre 2018	50	Zaragoza	32	Enseñanza media de formación profesional	Mujeres	2610
Octubre 2018	50	Zaragoza	41	Enseñanza superior de formación profesional	Hombres	1110
Octubre 2018	50	Zaragoza	41	Enseñanza superior de formación profesional	Mujeres	2014
Octubre 2018	50	Zaragoza	42	Enseñanza superior universitaria	Hombres	1516
Octubre 2018	50	Zaragoza	42	Enseñanza superior universitaria	Mujeres	3622
Septiembre 2018	22	Huesca	10	Educación Primaria o inferior	Hombres	1026
Septiembre 2018	22	Huesca	10	Educación Primaria o inferior	Mujeres	1294
Septiembre 2018	22	Huesca	20	Primera etapa de educación secundaria	Hombres	1626
Septiembre 2018	22	Huesca	20	Primera etapa de educación secundaria	Mujeres	1882
Septiembre 2018	22	Huesca	31	Bachillerato	Hombres	288
Septiembre 2018	22	Huesca	31	Bachillerato	Mujeres	374
Septiembre 2018	22	Huesca	32	Enseñanza media de formación profesional	Hombres	193
Septiembre 2018	22	Huesca	32	Enseñanza media de formación profesional	Mujeres	361
Septiembre 2018	22	Huesca	41	Enseñanza superior de formación profesional	Hombres	170
Septiembre 2018	22	Huesca	41	Enseñanza superior de formación profesional	Mujeres	341
Septiembre 2018	22	Huesca	42	Enseñanza superior universitaria	Hombres	265
Septiembre 2018	22	Huesca	42	Enseñanza superior universitaria	Mujeres	600
Septiembre 2018	44	Teruel	10	Educación Primaria o inferior	Hombres	593
Septiembre 2018	44	Teruel	10	Educación Primaria o inferior	Mujeres	862
Septiembre 2018	44	Teruel	20	Primera etapa de educación secundaria	Hombres	983
Septiembre 2018	44	Teruel	20	Primera etapa de educación secundaria	Mujeres	1267
Septiembre 2018	44	Teruel	31	Bachillerato	Hombres	125
Septiembre 2018	44	Teruel	31	Bachillerato	Mujeres	168
Septiembre 2018	44	Teruel	32	Enseñanza media de formación profesional	Hombres	132
Septiembre 2018	44	Teruel	32	Enseñanza media de formación profesional	Mujeres	278
Septiembre 2018	44	Teruel	41	Enseñanza superior de formación profesional	Hombres	109
Septiembre 2018	44	Teruel	41	Enseñanza superior de formación profesional	Mujeres	188
Septiembre 2018	44	Teruel	42	Enseñanza superior universitaria	Hombres	134
Septiembre 2018	44	Teruel	42	Enseñanza superior universitaria	Mujeres	335
Septiembre 2018	50	Zaragoza	10	Educación Primaria o inferior	Hombres	3560
Septiembre 2018	50	Zaragoza	10	Educación Primaria o inferior	Mujeres	5098
Septiembre 2018	50	Zaragoza	20	Primera etapa de educación secundaria	Hombres	10461
Septiembre 2018	50	Zaragoza	20	Primera etapa de educación secundaria	Mujeres	14569
Septiembre 2018	50	Zaragoza	31	Bachillerato	Hombres	1682
Septiembre 2018	50	Zaragoza	31	Bachillerato	Mujeres	2562
Septiembre 2018	50	Zaragoza	32	Enseñanza media de formación profesional	Hombres	1315
Septiembre 2018	50	Zaragoza	32	Enseñanza media de formación profesional	Mujeres	2457
Septiembre 2018	50	Zaragoza	41	Enseñanza superior de formación profesional	Hombres	1079
Septiembre 2018	50	Zaragoza	41	Enseñanza superior de formación profesional	Mujeres	2037
Septiembre 2018	50	Zaragoza	42	Enseñanza superior universitaria	Hombres	1543
Septiembre 2018	50	Zaragoza	42	Enseñanza superior universitaria	Mujeres	3714
Agosto 2018	22	Huesca	10	Educación Primaria o inferior	Hombres	872
Agosto 2018	22	Huesca	10	Educación Primaria o inferior	Mujeres	1147
Agosto 2018	22	Huesca	20	Primera etapa de educación secundaria	Hombres	1549
Agosto 2018	22	Huesca	20	Primera etapa de educación secundaria	Mujeres	1800
Agosto 2018	22	Huesca	31	Bachillerato	Hombres	250
Agosto 2018	22	Huesca	31	Bachillerato	Mujeres	375
Agosto 2018	22	Huesca	32	Enseñanza media de formación profesional	Hombres	176
Agosto 2018	22	Huesca	32	Enseñanza media de formación profesional	Mujeres	341
Agosto 2018	22	Huesca	41	Enseñanza superior de formación profesional	Hombres	137
Agosto 2018	22	Huesca	41	Enseñanza superior de formación profesional	Mujeres	322
Agosto 2018	22	Huesca	42	Enseñanza superior universitaria	Hombres	260
Agosto 2018	22	Huesca	42	Enseñanza superior universitaria	Mujeres	645
Agosto 2018	44	Teruel	10	Educación Primaria o inferior	Hombres	569
Agosto 2018	44	Teruel	10	Educación Primaria o inferior	Mujeres	826
Agosto 2018	44	Teruel	20	Primera etapa de educación secundaria	Hombres	1006
Agosto 2018	44	Teruel	20	Primera etapa de educación secundaria	Mujeres	1209
Agosto 2018	44	Teruel	31	Bachillerato	Hombres	112
Agosto 2018	44	Teruel	31	Bachillerato	Mujeres	156
Agosto 2018	44	Teruel	32	Enseñanza media de formación profesional	Hombres	121
Agosto 2018	44	Teruel	32	Enseñanza media de formación profesional	Mujeres	260
Agosto 2018	44	Teruel	41	Enseñanza superior de formación profesional	Hombres	102
Agosto 2018	44	Teruel	41	Enseñanza superior de formación profesional	Mujeres	193
Agosto 2018	44	Teruel	42	Enseñanza superior universitaria	Hombres	156
Agosto 2018	44	Teruel	42	Enseñanza superior universitaria	Mujeres	391
Agosto 2018	50	Zaragoza	10	Educación Primaria o inferior	Hombres	3415
Agosto 2018	50	Zaragoza	10	Educación Primaria o inferior	Mujeres	4861
Agosto 2018	50	Zaragoza	20	Primera etapa de educación secundaria	Hombres	10346
Agosto 2018	50	Zaragoza	20	Primera etapa de educación secundaria	Mujeres	14347
Agosto 2018	50	Zaragoza	31	Bachillerato	Hombres	1653
Agosto 2018	50	Zaragoza	31	Bachillerato	Mujeres	2498
Agosto 2018	50	Zaragoza	32	Enseñanza media de formación profesional	Hombres	1292
Agosto 2018	50	Zaragoza	32	Enseñanza media de formación profesional	Mujeres	2358
Agosto 2018	50	Zaragoza	41	Enseñanza superior de formación profesional	Hombres	1059
Agosto 2018	50	Zaragoza	41	Enseñanza superior de formación profesional	Mujeres	2015
Agosto 2018	50	Zaragoza	42	Enseñanza superior universitaria	Hombres	1636
Agosto 2018	50	Zaragoza	42	Enseñanza superior universitaria	Mujeres	4015
Julio 2018	22	Huesca	10	Educación Primaria o inferior	Hombres	840
Julio 2018	22	Huesca	10	Educación Primaria o inferior	Mujeres	1157
Julio 2018	22	Huesca	20	Primera etapa de educación secundaria	Hombres	1541
Julio 2018	22	Huesca	20	Primera etapa de educación secundaria	Mujeres	1795
Julio 2018	22	Huesca	31	Bachillerato	Hombres	259
Julio 2018	22	Huesca	31	Bachillerato	Mujeres	354
Julio 2018	22	Huesca	32	Enseñanza media de formación profesional	Hombres	177
Julio 2018	22	Huesca	32	Enseñanza media de formación profesional	Mujeres	333
Julio 2018	22	Huesca	41	Enseñanza superior de formación profesional	Hombres	123
Julio 2018	22	Huesca	41	Enseñanza superior de formación profesional	Mujeres	301
Julio 2018	22	Huesca	42	Enseñanza superior universitaria	Hombres	236
Julio 2018	22	Huesca	42	Enseñanza superior universitaria	Mujeres	565
Julio 2018	44	Teruel	10	Educación Primaria o inferior	Hombres	562
Julio 2018	44	Teruel	10	Educación Primaria o inferior	Mujeres	854
Julio 2018	44	Teruel	20	Primera etapa de educación secundaria	Hombres	954
Julio 2018	44	Teruel	20	Primera etapa de educación secundaria	Mujeres	1201
Julio 2018	44	Teruel	31	Bachillerato	Hombres	111
Julio 2018	44	Teruel	31	Bachillerato	Mujeres	142
Julio 2018	44	Teruel	32	Enseñanza media de formación profesional	Hombres	120
Julio 2018	44	Teruel	32	Enseñanza media de formación profesional	Mujeres	257
Julio 2018	44	Teruel	41	Enseñanza superior de formación profesional	Hombres	93
Julio 2018	44	Teruel	41	Enseñanza superior de formación profesional	Mujeres	182
Julio 2018	44	Teruel	42	Enseñanza superior universitaria	Hombres	144
Julio 2018	44	Teruel	42	Enseñanza superior universitaria	Mujeres	361
Julio 2018	50	Zaragoza	10	Educación Primaria o inferior	Hombres	3394
Julio 2018	50	Zaragoza	10	Educación Primaria o inferior	Mujeres	4938
Julio 2018	50	Zaragoza	20	Primera etapa de educación secundaria	Hombres	9794
Julio 2018	50	Zaragoza	20	Primera etapa de educación secundaria	Mujeres	14321
Julio 2018	50	Zaragoza	31	Bachillerato	Hombres	1609
Julio 2018	50	Zaragoza	31	Bachillerato	Mujeres	2427
Julio 2018	50	Zaragoza	32	Enseñanza media de formación profesional	Hombres	1196
Julio 2018	50	Zaragoza	32	Enseñanza media de formación profesional	Mujeres	2304
Julio 2018	50	Zaragoza	41	Enseñanza superior de formación profesional	Hombres	973
Julio 2018	50	Zaragoza	41	Enseñanza superior de formación profesional	Mujeres	1887
Julio 2018	50	Zaragoza	42	Enseñanza superior universitaria	Hombres	1550
Julio 2018	50	Zaragoza	42	Enseñanza superior universitaria	Mujeres	3751
Junio 2018	22	Huesca	10	Educación Primaria o inferior	Hombres	805
Junio 2018	22	Huesca	10	Educación Primaria o inferior	Mujeres	1141
Junio 2018	22	Huesca	20	Primera etapa de educación secundaria	Hombres	1635
Junio 2018	22	Huesca	20	Primera etapa de educación secundaria	Mujeres	1837
Junio 2018	22	Huesca	31	Bachillerato	Hombres	250
Junio 2018	22	Huesca	31	Bachillerato	Mujeres	366
Junio 2018	22	Huesca	32	Enseñanza media de formación profesional	Hombres	181
Junio 2018	22	Huesca	32	Enseñanza media de formación profesional	Mujeres	354
Junio 2018	22	Huesca	41	Enseñanza superior de formación profesional	Hombres	136
Junio 2018	22	Huesca	41	Enseñanza superior de formación profesional	Mujeres	290
Junio 2018	22	Huesca	42	Enseñanza superior universitaria	Hombres	219
Junio 2018	22	Huesca	42	Enseñanza superior universitaria	Mujeres	518
Junio 2018	44	Teruel	10	Educación Primaria o inferior	Hombres	562
Junio 2018	44	Teruel	10	Educación Primaria o inferior	Mujeres	919
Junio 2018	44	Teruel	20	Primera etapa de educación secundaria	Hombres	1000
Junio 2018	44	Teruel	20	Primera etapa de educación secundaria	Mujeres	1263
Junio 2018	44	Teruel	31	Bachillerato	Hombres	112
Junio 2018	44	Teruel	31	Bachillerato	Mujeres	159
Junio 2018	44	Teruel	32	Enseñanza media de formación profesional	Hombres	142
Junio 2018	44	Teruel	32	Enseñanza media de formación profesional	Mujeres	298
Junio 2018	44	Teruel	41	Enseñanza superior de formación profesional	Hombres	95
Junio 2018	44	Teruel	41	Enseñanza superior de formación profesional	Mujeres	191
Junio 2018	44	Teruel	42	Enseñanza superior universitaria	Hombres	121
Junio 2018	44	Teruel	42	Enseñanza superior universitaria	Mujeres	318
Junio 2018	50	Zaragoza	10	Educación Primaria o inferior	Hombres	3292
Junio 2018	50	Zaragoza	10	Educación Primaria o inferior	Mujeres	5138
Junio 2018	50	Zaragoza	20	Primera etapa de educación secundaria	Hombres	9911
Junio 2018	50	Zaragoza	20	Primera etapa de educación secundaria	Mujeres	14602
Junio 2018	50	Zaragoza	31	Bachillerato	Hombres	1591
Junio 2018	50	Zaragoza	31	Bachillerato	Mujeres	2384
Junio 2018	50	Zaragoza	32	Enseñanza media de formación profesional	Hombres	1197
Junio 2018	50	Zaragoza	32	Enseñanza media de formación profesional	Mujeres	2398
Junio 2018	50	Zaragoza	41	Enseñanza superior de formación profesional	Hombres	938
Junio 2018	50	Zaragoza	41	Enseñanza superior de formación profesional	Mujeres	1828
Junio 2018	50	Zaragoza	42	Enseñanza superior universitaria	Hombres	1411
Junio 2018	50	Zaragoza	42	Enseñanza superior universitaria	Mujeres	3442
Mayo 2018	22	Huesca	10	Educación Primaria o inferior	Hombres	877
Mayo 2018	22	Huesca	10	Educación Primaria o inferior	Mujeres	1285
Mayo 2018	22	Huesca	20	Primera etapa de educación secundaria	Hombres	1726
Mayo 2018	22	Huesca	20	Primera etapa de educación secundaria	Mujeres	1924
Mayo 2018	22	Huesca	31	Bachillerato	Hombres	273
Mayo 2018	22	Huesca	31	Bachillerato	Mujeres	391
Mayo 2018	22	Huesca	32	Enseñanza media de formación profesional	Hombres	207
Mayo 2018	22	Huesca	32	Enseñanza media de formación profesional	Mujeres	385
Mayo 2018	22	Huesca	41	Enseñanza superior de formación profesional	Hombres	159
Mayo 2018	22	Huesca	41	Enseñanza superior de formación profesional	Mujeres	306
Mayo 2018	22	Huesca	42	Enseñanza superior universitaria	Hombres	239
Mayo 2018	22	Huesca	42	Enseñanza superior universitaria	Mujeres	527
Mayo 2018	44	Teruel	10	Educación Primaria o inferior	Hombres	604
Mayo 2018	44	Teruel	10	Educación Primaria o inferior	Mujeres	972
Mayo 2018	44	Teruel	20	Primera etapa de educación secundaria	Hombres	1091
Mayo 2018	44	Teruel	20	Primera etapa de educación secundaria	Mujeres	1306
Mayo 2018	44	Teruel	31	Bachillerato	Hombres	128
Mayo 2018	44	Teruel	31	Bachillerato	Mujeres	165
Mayo 2018	44	Teruel	32	Enseñanza media de formación profesional	Hombres	136
Mayo 2018	44	Teruel	32	Enseñanza media de formación profesional	Mujeres	311
Mayo 2018	44	Teruel	41	Enseñanza superior de formación profesional	Hombres	93
Mayo 2018	44	Teruel	41	Enseñanza superior de formación profesional	Mujeres	198
Mayo 2018	44	Teruel	42	Enseñanza superior universitaria	Hombres	118
Mayo 2018	44	Teruel	42	Enseñanza superior universitaria	Mujeres	315
Mayo 2018	50	Zaragoza	10	Educación Primaria o inferior	Hombres	3682
Mayo 2018	50	Zaragoza	10	Educación Primaria o inferior	Mujeres	5366
Mayo 2018	50	Zaragoza	20	Primera etapa de educación secundaria	Hombres	10545
Mayo 2018	50	Zaragoza	20	Primera etapa de educación secundaria	Mujeres	14998
Mayo 2018	50	Zaragoza	31	Bachillerato	Hombres	1690
Mayo 2018	50	Zaragoza	31	Bachillerato	Mujeres	2458
Mayo 2018	50	Zaragoza	32	Enseñanza media de formación profesional	Hombres	1247
Mayo 2018	50	Zaragoza	32	Enseñanza media de formación profesional	Mujeres	2643
Mayo 2018	50	Zaragoza	41	Enseñanza superior de formación profesional	Hombres	997
Mayo 2018	50	Zaragoza	41	Enseñanza superior de formación profesional	Mujeres	1896
Mayo 2018	50	Zaragoza	42	Enseñanza superior universitaria	Hombres	1454
Mayo 2018	50	Zaragoza	42	Enseñanza superior universitaria	Mujeres	3494
Abril 2018	22	Huesca	10	Educación Primaria o inferior	Hombres	1060
Abril 2018	22	Huesca	10	Educación Primaria o inferior	Mujeres	1453
Abril 2018	22	Huesca	20	Primera etapa de educación secundaria	Hombres	1809
Abril 2018	22	Huesca	20	Primera etapa de educación secundaria	Mujeres	1983
Abril 2018	22	Huesca	31	Bachillerato	Hombres	278
Abril 2018	22	Huesca	31	Bachillerato	Mujeres	385
Abril 2018	22	Huesca	32	Enseñanza media de formación profesional	Hombres	209
Abril 2018	22	Huesca	32	Enseñanza media de formación profesional	Mujeres	415
Abril 2018	22	Huesca	41	Enseñanza superior de formación profesional	Hombres	165
Abril 2018	22	Huesca	41	Enseñanza superior de formación profesional	Mujeres	307
Abril 2018	22	Huesca	42	Enseñanza superior universitaria	Hombres	252
Abril 2018	22	Huesca	42	Enseñanza superior universitaria	Mujeres	566
Abril 2018	44	Teruel	10	Educación Primaria o inferior	Hombres	709
Abril 2018	44	Teruel	10	Educación Primaria o inferior	Mujeres	1052
Abril 2018	44	Teruel	20	Primera etapa de educación secundaria	Hombres	1143
Abril 2018	44	Teruel	20	Primera etapa de educación secundaria	Mujeres	1333
Abril 2018	44	Teruel	31	Bachillerato	Hombres	135
Abril 2018	44	Teruel	31	Bachillerato	Mujeres	166
Abril 2018	44	Teruel	32	Enseñanza media de formación profesional	Hombres	151
Abril 2018	44	Teruel	32	Enseñanza media de formación profesional	Mujeres	311
Abril 2018	44	Teruel	41	Enseñanza superior de formación profesional	Hombres	97
Abril 2018	44	Teruel	41	Enseñanza superior de formación profesional	Mujeres	202
Abril 2018	44	Teruel	42	Enseñanza superior universitaria	Hombres	123
Abril 2018	44	Teruel	42	Enseñanza superior universitaria	Mujeres	342
Abril 2018	50	Zaragoza	10	Educación Primaria o inferior	Hombres	4333
Abril 2018	50	Zaragoza	10	Educación Primaria o inferior	Mujeres	5746
Abril 2018	50	Zaragoza	20	Primera etapa de educación secundaria	Hombres	11363
Abril 2018	50	Zaragoza	20	Primera etapa de educación secundaria	Mujeres	15618
Abril 2018	50	Zaragoza	31	Bachillerato	Hombres	1743
Abril 2018	50	Zaragoza	31	Bachillerato	Mujeres	2545
Abril 2018	50	Zaragoza	32	Enseñanza media de formación profesional	Hombres	1331
Abril 2018	50	Zaragoza	32	Enseñanza media de formación profesional	Mujeres	2739
Abril 2018	50	Zaragoza	41	Enseñanza superior de formación profesional	Hombres	1069
Abril 2018	50	Zaragoza	41	Enseñanza superior de formación profesional	Mujeres	1964
Abril 2018	50	Zaragoza	42	Enseñanza superior universitaria	Hombres	1486
Abril 2018	50	Zaragoza	42	Enseñanza superior universitaria	Mujeres	3531
Marzo 2018	22	Huesca	10	Educación Primaria o inferior	Hombres	1139
Marzo 2018	22	Huesca	10	Educación Primaria o inferior	Mujeres	1480
Marzo 2018	22	Huesca	20	Primera etapa de educación secundaria	Hombres	1829
Marzo 2018	22	Huesca	20	Primera etapa de educación secundaria	Mujeres	1938
Marzo 2018	22	Huesca	31	Bachillerato	Hombres	264
Marzo 2018	22	Huesca	31	Bachillerato	Mujeres	364
Marzo 2018	22	Huesca	32	Enseñanza media de formación profesional	Hombres	188
Marzo 2018	22	Huesca	32	Enseñanza media de formación profesional	Mujeres	388
Marzo 2018	22	Huesca	41	Enseñanza superior de formación profesional	Hombres	150
Marzo 2018	22	Huesca	41	Enseñanza superior de formación profesional	Mujeres	289
Marzo 2018	22	Huesca	42	Enseñanza superior universitaria	Hombres	252
Marzo 2018	22	Huesca	42	Enseñanza superior universitaria	Mujeres	569
Marzo 2018	44	Teruel	10	Educación Primaria o inferior	Hombres	790
Marzo 2018	44	Teruel	10	Educación Primaria o inferior	Mujeres	1041
Marzo 2018	44	Teruel	20	Primera etapa de educación secundaria	Hombres	1180
Marzo 2018	44	Teruel	20	Primera etapa de educación secundaria	Mujeres	1354
Marzo 2018	44	Teruel	31	Bachillerato	Hombres	136
Marzo 2018	44	Teruel	31	Bachillerato	Mujeres	176
Marzo 2018	44	Teruel	32	Enseñanza media de formación profesional	Hombres	140
Marzo 2018	44	Teruel	32	Enseñanza media de formación profesional	Mujeres	326
Marzo 2018	44	Teruel	41	Enseñanza superior de formación profesional	Hombres	102
Marzo 2018	44	Teruel	41	Enseñanza superior de formación profesional	Mujeres	197
Marzo 2018	44	Teruel	42	Enseñanza superior universitaria	Hombres	125
Marzo 2018	44	Teruel	42	Enseñanza superior universitaria	Mujeres	355
Marzo 2018	50	Zaragoza	10	Educación Primaria o inferior	Hombres	4478
Marzo 2018	50	Zaragoza	10	Educación Primaria o inferior	Mujeres	5911
Marzo 2018	50	Zaragoza	20	Primera etapa de educación secundaria	Hombres	11784
Marzo 2018	50	Zaragoza	20	Primera etapa de educación secundaria	Mujeres	15882
Marzo 2018	50	Zaragoza	31	Bachillerato	Hombres	1792
Marzo 2018	50	Zaragoza	31	Bachillerato	Mujeres	2572
Marzo 2018	50	Zaragoza	32	Enseñanza media de formación profesional	Hombres	1388
Marzo 2018	50	Zaragoza	32	Enseñanza media de formación profesional	Mujeres	2728
Marzo 2018	50	Zaragoza	41	Enseñanza superior de formación profesional	Hombres	1108
Marzo 2018	50	Zaragoza	41	Enseñanza superior de formación profesional	Mujeres	2030
Marzo 2018	50	Zaragoza	42	Enseñanza superior universitaria	Hombres	1539
Marzo 2018	50	Zaragoza	42	Enseñanza superior universitaria	Mujeres	3723
Febrero 2018	22	Huesca	10	Educación Primaria o inferior	Hombres	1114
Febrero 2018	22	Huesca	10	Educación Primaria o inferior	Mujeres	1511
Febrero 2018	22	Huesca	20	Primera etapa de educación secundaria	Hombres	1863
Febrero 2018	22	Huesca	20	Primera etapa de educación secundaria	Mujeres	2000
Febrero 2018	22	Huesca	31	Bachillerato	Hombres	287
Febrero 2018	22	Huesca	31	Bachillerato	Mujeres	392
Febrero 2018	22	Huesca	32	Enseñanza media de formación profesional	Hombres	193
Febrero 2018	22	Huesca	32	Enseñanza media de formación profesional	Mujeres	400
Febrero 2018	22	Huesca	41	Enseñanza superior de formación profesional	Hombres	155
Febrero 2018	22	Huesca	41	Enseñanza superior de formación profesional	Mujeres	299
Febrero 2018	22	Huesca	42	Enseñanza superior universitaria	Hombres	251
Febrero 2018	22	Huesca	42	Enseñanza superior universitaria	Mujeres	597
Febrero 2018	44	Teruel	10	Educación Primaria o inferior	Hombres	773
Febrero 2018	44	Teruel	10	Educación Primaria o inferior	Mujeres	1091
Febrero 2018	44	Teruel	20	Primera etapa de educación secundaria	Hombres	1248
Febrero 2018	44	Teruel	20	Primera etapa de educación secundaria	Mujeres	1442
Febrero 2018	44	Teruel	31	Bachillerato	Hombres	123
Febrero 2018	44	Teruel	31	Bachillerato	Mujeres	189
Febrero 2018	44	Teruel	32	Enseñanza media de formación profesional	Hombres	164
Febrero 2018	44	Teruel	32	Enseñanza media de formación profesional	Mujeres	326
Febrero 2018	44	Teruel	41	Enseñanza superior de formación profesional	Hombres	116
Febrero 2018	44	Teruel	41	Enseñanza superior de formación profesional	Mujeres	199
Febrero 2018	44	Teruel	42	Enseñanza superior universitaria	Hombres	139
Febrero 2018	44	Teruel	42	Enseñanza superior universitaria	Mujeres	379
Febrero 2018	50	Zaragoza	10	Educación Primaria o inferior	Hombres	4360
Febrero 2018	50	Zaragoza	10	Educación Primaria o inferior	Mujeres	5845
Febrero 2018	50	Zaragoza	20	Primera etapa de educación secundaria	Hombres	11813
Febrero 2018	50	Zaragoza	20	Primera etapa de educación secundaria	Mujeres	15902
Febrero 2018	50	Zaragoza	31	Bachillerato	Hombres	1818
Febrero 2018	50	Zaragoza	31	Bachillerato	Mujeres	2653
Febrero 2018	50	Zaragoza	32	Enseñanza media de formación profesional	Hombres	1418
Febrero 2018	50	Zaragoza	32	Enseñanza media de formación profesional	Mujeres	2883
Febrero 2018	50	Zaragoza	41	Enseñanza superior de formación profesional	Hombres	1101
Febrero 2018	50	Zaragoza	41	Enseñanza superior de formación profesional	Mujeres	2041
Febrero 2018	50	Zaragoza	42	Enseñanza superior universitaria	Hombres	1530
Febrero 2018	50	Zaragoza	42	Enseñanza superior universitaria	Mujeres	3741
Enero 2018	22	Huesca	10	Educación Primaria o inferior	Hombres	1139
Enero 2018	22	Huesca	10	Educación Primaria o inferior	Mujeres	1496
Enero 2018	22	Huesca	20	Primera etapa de educación secundaria	Hombres	1998
Enero 2018	22	Huesca	20	Primera etapa de educación secundaria	Mujeres	2049
Enero 2018	22	Huesca	31	Bachillerato	Hombres	311
Enero 2018	22	Huesca	31	Bachillerato	Mujeres	408
Enero 2018	22	Huesca	32	Enseñanza media de formación profesional	Hombres	217
Enero 2018	22	Huesca	32	Enseñanza media de formación profesional	Mujeres	423
Enero 2018	22	Huesca	41	Enseñanza superior de formación profesional	Hombres	189
Enero 2018	22	Huesca	41	Enseñanza superior de formación profesional	Mujeres	329
Enero 2018	22	Huesca	42	Enseñanza superior universitaria	Hombres	285
Enero 2018	22	Huesca	42	Enseñanza superior universitaria	Mujeres	632
Enero 2018	44	Teruel	10	Educación Primaria o inferior	Hombres	807
Enero 2018	44	Teruel	10	Educación Primaria o inferior	Mujeres	1107
Enero 2018	44	Teruel	20	Primera etapa de educación secundaria	Hombres	1324
Enero 2018	44	Teruel	20	Primera etapa de educación secundaria	Mujeres	1497
Enero 2018	44	Teruel	31	Bachillerato	Hombres	133
Enero 2018	44	Teruel	31	Bachillerato	Mujeres	223
Enero 2018	44	Teruel	32	Enseñanza media de formación profesional	Hombres	184
Enero 2018	44	Teruel	32	Enseñanza media de formación profesional	Mujeres	344
Enero 2018	44	Teruel	41	Enseñanza superior de formación profesional	Hombres	127
Enero 2018	44	Teruel	41	Enseñanza superior de formación profesional	Mujeres	229
Enero 2018	44	Teruel	42	Enseñanza superior universitaria	Hombres	168
Enero 2018	44	Teruel	42	Enseñanza superior universitaria	Mujeres	392
Enero 2018	50	Zaragoza	10	Educación Primaria o inferior	Hombres	4283
Enero 2018	50	Zaragoza	10	Educación Primaria o inferior	Mujeres	5814
Enero 2018	50	Zaragoza	20	Primera etapa de educación secundaria	Hombres	12003
Enero 2018	50	Zaragoza	20	Primera etapa de educación secundaria	Mujeres	16049
Enero 2018	50	Zaragoza	31	Bachillerato	Hombres	1896
Enero 2018	50	Zaragoza	31	Bachillerato	Mujeres	2703
Enero 2018	50	Zaragoza	32	Enseñanza media de formación profesional	Hombres	1556
Enero 2018	50	Zaragoza	32	Enseñanza media de formación profesional	Mujeres	2861
Enero 2018	50	Zaragoza	41	Enseñanza superior de formación profesional	Hombres	1190
Enero 2018	50	Zaragoza	41	Enseñanza superior de formación profesional	Mujeres	2112
Enero 2018	50	Zaragoza	42	Enseñanza superior universitaria	Hombres	1638
Enero 2018	50	Zaragoza	42	Enseñanza superior universitaria	Mujeres	3965
Diciembre 2017	22	Huesca	10	Educación Primaria o inferior	Hombres	1148
Diciembre 2017	22	Huesca	10	Educación Primaria o inferior	Mujeres	1470
Diciembre 2017	22	Huesca	20	Primera etapa de educación secundaria	Hombres	1917
Diciembre 2017	22	Huesca	20	Primera etapa de educación secundaria	Mujeres	2007
Diciembre 2017	22	Huesca	31	Bachillerato	Hombres	306
Diciembre 2017	22	Huesca	31	Bachillerato	Mujeres	408
Diciembre 2017	22	Huesca	32	Enseñanza media de formación profesional	Hombres	211
Diciembre 2017	22	Huesca	32	Enseñanza media de formación profesional	Mujeres	401
Diciembre 2017	22	Huesca	41	Enseñanza superior de formación profesional	Hombres	184
Diciembre 2017	22	Huesca	41	Enseñanza superior de formación profesional	Mujeres	303
Diciembre 2017	22	Huesca	42	Enseñanza superior universitaria	Hombres	276
Diciembre 2017	22	Huesca	42	Enseñanza superior universitaria	Mujeres	615
Diciembre 2017	44	Teruel	10	Educación Primaria o inferior	Hombres	826
Diciembre 2017	44	Teruel	10	Educación Primaria o inferior	Mujeres	1081
Diciembre 2017	44	Teruel	20	Primera etapa de educación secundaria	Hombres	1231
Diciembre 2017	44	Teruel	20	Primera etapa de educación secundaria	Mujeres	1435
Diciembre 2017	44	Teruel	31	Bachillerato	Hombres	134
Diciembre 2017	44	Teruel	31	Bachillerato	Mujeres	206
Diciembre 2017	44	Teruel	32	Enseñanza media de formación profesional	Hombres	173
Diciembre 2017	44	Teruel	32	Enseñanza media de formación profesional	Mujeres	333
Diciembre 2017	44	Teruel	41	Enseñanza superior de formación profesional	Hombres	127
Diciembre 2017	44	Teruel	41	Enseñanza superior de formación profesional	Mujeres	216
Diciembre 2017	44	Teruel	42	Enseñanza superior universitaria	Hombres	166
Diciembre 2017	44	Teruel	42	Enseñanza superior universitaria	Mujeres	375
Diciembre 2017	50	Zaragoza	10	Educación Primaria o inferior	Hombres	4391
Diciembre 2017	50	Zaragoza	10	Educación Primaria o inferior	Mujeres	5750
Diciembre 2017	50	Zaragoza	20	Primera etapa de educación secundaria	Hombres	12118
Diciembre 2017	50	Zaragoza	20	Primera etapa de educación secundaria	Mujeres	15636
Diciembre 2017	50	Zaragoza	31	Bachillerato	Hombres	1902
Diciembre 2017	50	Zaragoza	31	Bachillerato	Mujeres	2700
Diciembre 2017	50	Zaragoza	32	Enseñanza media de formación profesional	Hombres	1543
Diciembre 2017	50	Zaragoza	32	Enseñanza media de formación profesional	Mujeres	2590
Diciembre 2017	50	Zaragoza	41	Enseñanza superior de formación profesional	Hombres	1160
Diciembre 2017	50	Zaragoza	41	Enseñanza superior de formación profesional	Mujeres	1974
Diciembre 2017	50	Zaragoza	42	Enseñanza superior universitaria	Hombres	1604
Diciembre 2017	50	Zaragoza	42	Enseñanza superior universitaria	Mujeres	3793
Noviembre 2017	22	Huesca	10	Educación Primaria o inferior	Hombres	1144
Noviembre 2017	22	Huesca	10	Educación Primaria o inferior	Mujeres	1502
Noviembre 2017	22	Huesca	20	Primera etapa de educación secundaria	Hombres	1948
Noviembre 2017	22	Huesca	20	Primera etapa de educación secundaria	Mujeres	2135
Noviembre 2017	22	Huesca	31	Bachillerato	Hombres	344
Noviembre 2017	22	Huesca	31	Bachillerato	Mujeres	439
Noviembre 2017	22	Huesca	32	Enseñanza media de formación profesional	Hombres	231
Noviembre 2017	22	Huesca	32	Enseñanza media de formación profesional	Mujeres	459
Noviembre 2017	22	Huesca	41	Enseñanza superior de formación profesional	Hombres	212
Noviembre 2017	22	Huesca	41	Enseñanza superior de formación profesional	Mujeres	348
Noviembre 2017	22	Huesca	42	Enseñanza superior universitaria	Hombres	266
Noviembre 2017	22	Huesca	42	Enseñanza superior universitaria	Mujeres	686
Noviembre 2017	44	Teruel	10	Educación Primaria o inferior	Hombres	831
Noviembre 2017	44	Teruel	10	Educación Primaria o inferior	Mujeres	1120
Noviembre 2017	44	Teruel	20	Primera etapa de educación secundaria	Hombres	1202
Noviembre 2017	44	Teruel	20	Primera etapa de educación secundaria	Mujeres	1472
Noviembre 2017	44	Teruel	31	Bachillerato	Hombres	146
Noviembre 2017	44	Teruel	31	Bachillerato	Mujeres	220
Noviembre 2017	44	Teruel	32	Enseñanza media de formación profesional	Hombres	160
Noviembre 2017	44	Teruel	32	Enseñanza media de formación profesional	Mujeres	357
Noviembre 2017	44	Teruel	41	Enseñanza superior de formación profesional	Hombres	117
Noviembre 2017	44	Teruel	41	Enseñanza superior de formación profesional	Mujeres	232
Noviembre 2017	44	Teruel	42	Enseñanza superior universitaria	Hombres	162
Noviembre 2017	44	Teruel	42	Enseñanza superior universitaria	Mujeres	393
Noviembre 2017	50	Zaragoza	10	Educación Primaria o inferior	Hombres	4252
Noviembre 2017	50	Zaragoza	10	Educación Primaria o inferior	Mujeres	5892
Noviembre 2017	50	Zaragoza	20	Primera etapa de educación secundaria	Hombres	11750
Noviembre 2017	50	Zaragoza	20	Primera etapa de educación secundaria	Mujeres	15784
Noviembre 2017	50	Zaragoza	31	Bachillerato	Hombres	1858
Noviembre 2017	50	Zaragoza	31	Bachillerato	Mujeres	2696
Noviembre 2017	50	Zaragoza	32	Enseñanza media de formación profesional	Hombres	1397
Noviembre 2017	50	Zaragoza	32	Enseñanza media de formación profesional	Mujeres	2732
Noviembre 2017	50	Zaragoza	41	Enseñanza superior de formación profesional	Hombres	1117
Noviembre 2017	50	Zaragoza	41	Enseñanza superior de formación profesional	Mujeres	1989
Noviembre 2017	50	Zaragoza	42	Enseñanza superior universitaria	Hombres	1582
Noviembre 2017	50	Zaragoza	42	Enseñanza superior universitaria	Mujeres	3816
Octubre 2017	22	Huesca	10	Educación Primaria o inferior	Hombres	1187
Octubre 2017	22	Huesca	10	Educación Primaria o inferior	Mujeres	1467
Octubre 2017	22	Huesca	20	Primera etapa de educación secundaria	Hombres	1965
Octubre 2017	22	Huesca	20	Primera etapa de educación secundaria	Mujeres	2100
Octubre 2017	22	Huesca	31	Bachillerato	Hombres	338
Octubre 2017	22	Huesca	31	Bachillerato	Mujeres	438
Octubre 2017	22	Huesca	32	Enseñanza media de formación profesional	Hombres	251
Octubre 2017	22	Huesca	32	Enseñanza media de formación profesional	Mujeres	476
Octubre 2017	22	Huesca	41	Enseñanza superior de formación profesional	Hombres	202
Octubre 2017	22	Huesca	41	Enseñanza superior de formación profesional	Mujeres	359
Octubre 2017	22	Huesca	42	Enseñanza superior universitaria	Hombres	290
Octubre 2017	22	Huesca	42	Enseñanza superior universitaria	Mujeres	707
Octubre 2017	44	Teruel	10	Educación Primaria o inferior	Hombres	906
Octubre 2017	44	Teruel	10	Educación Primaria o inferior	Mujeres	1034
Octubre 2017	44	Teruel	20	Primera etapa de educación secundaria	Hombres	1221
Octubre 2017	44	Teruel	20	Primera etapa de educación secundaria	Mujeres	1438
Octubre 2017	44	Teruel	31	Bachillerato	Hombres	145
Octubre 2017	44	Teruel	31	Bachillerato	Mujeres	215
Octubre 2017	44	Teruel	32	Enseñanza media de formación profesional	Hombres	173
Octubre 2017	44	Teruel	32	Enseñanza media de formación profesional	Mujeres	374
Octubre 2017	44	Teruel	41	Enseñanza superior de formación profesional	Hombres	130
Octubre 2017	44	Teruel	41	Enseñanza superior de formación profesional	Mujeres	241
Octubre 2017	44	Teruel	42	Enseñanza superior universitaria	Hombres	170
Octubre 2017	44	Teruel	42	Enseñanza superior universitaria	Mujeres	399
Octubre 2017	50	Zaragoza	10	Educación Primaria o inferior	Hombres	4450
Octubre 2017	50	Zaragoza	10	Educación Primaria o inferior	Mujeres	5689
Octubre 2017	50	Zaragoza	20	Primera etapa de educación secundaria	Hombres	11933
Octubre 2017	50	Zaragoza	20	Primera etapa de educación secundaria	Mujeres	15741
Octubre 2017	50	Zaragoza	31	Bachillerato	Hombres	1912
Octubre 2017	50	Zaragoza	31	Bachillerato	Mujeres	2745
Octubre 2017	50	Zaragoza	32	Enseñanza media de formación profesional	Hombres	1427
Octubre 2017	50	Zaragoza	32	Enseñanza media de formación profesional	Mujeres	2743
Octubre 2017	50	Zaragoza	41	Enseñanza superior de formación profesional	Hombres	1133
Octubre 2017	50	Zaragoza	41	Enseñanza superior de formación profesional	Mujeres	2087
Octubre 2017	50	Zaragoza	42	Enseñanza superior universitaria	Hombres	1579
Octubre 2017	50	Zaragoza	42	Enseñanza superior universitaria	Mujeres	3934
Septiembre 2017	22	Huesca	10	Educación Primaria o inferior	Hombres	1158
Septiembre 2017	22	Huesca	10	Educación Primaria o inferior	Mujeres	1339
Septiembre 2017	22	Huesca	20	Primera etapa de educación secundaria	Hombres	1918
Septiembre 2017	22	Huesca	20	Primera etapa de educación secundaria	Mujeres	2003
Septiembre 2017	22	Huesca	31	Bachillerato	Hombres	327
Septiembre 2017	22	Huesca	31	Bachillerato	Mujeres	444
Septiembre 2017	22	Huesca	32	Enseñanza media de formación profesional	Hombres	229
Septiembre 2017	22	Huesca	32	Enseñanza media de formación profesional	Mujeres	435
Septiembre 2017	22	Huesca	41	Enseñanza superior de formación profesional	Hombres	186
Septiembre 2017	22	Huesca	41	Enseñanza superior de formación profesional	Mujeres	368
Septiembre 2017	22	Huesca	42	Enseñanza superior universitaria	Hombres	290
Septiembre 2017	22	Huesca	42	Enseñanza superior universitaria	Mujeres	698
Septiembre 2017	44	Teruel	10	Educación Primaria o inferior	Hombres	793
Septiembre 2017	44	Teruel	10	Educación Primaria o inferior	Mujeres	944
Septiembre 2017	44	Teruel	20	Primera etapa de educación secundaria	Hombres	1114
Septiembre 2017	44	Teruel	20	Primera etapa de educación secundaria	Mujeres	1362
Septiembre 2017	44	Teruel	31	Bachillerato	Hombres	136
Septiembre 2017	44	Teruel	31	Bachillerato	Mujeres	189
Septiembre 2017	44	Teruel	32	Enseñanza media de formación profesional	Hombres	155
Septiembre 2017	44	Teruel	32	Enseñanza media de formación profesional	Mujeres	321
Septiembre 2017	44	Teruel	41	Enseñanza superior de formación profesional	Hombres	111
Septiembre 2017	44	Teruel	41	Enseñanza superior de formación profesional	Mujeres	235
Septiembre 2017	44	Teruel	42	Enseñanza superior universitaria	Hombres	181
Septiembre 2017	44	Teruel	42	Enseñanza superior universitaria	Mujeres	390
Septiembre 2017	50	Zaragoza	10	Educación Primaria o inferior	Hombres	3992
Septiembre 2017	50	Zaragoza	10	Educación Primaria o inferior	Mujeres	5369
Septiembre 2017	50	Zaragoza	20	Primera etapa de educación secundaria	Hombres	11444
Septiembre 2017	50	Zaragoza	20	Primera etapa de educación secundaria	Mujeres	15671
Septiembre 2017	50	Zaragoza	31	Bachillerato	Hombres	1920
Septiembre 2017	50	Zaragoza	31	Bachillerato	Mujeres	2746
Septiembre 2017	50	Zaragoza	32	Enseñanza media de formación profesional	Hombres	1393
Septiembre 2017	50	Zaragoza	32	Enseñanza media de formación profesional	Mujeres	2609
Septiembre 2017	50	Zaragoza	41	Enseñanza superior de formación profesional	Hombres	1092
Septiembre 2017	50	Zaragoza	41	Enseñanza superior de formación profesional	Mujeres	2044
Septiembre 2017	50	Zaragoza	42	Enseñanza superior universitaria	Hombres	1630
Septiembre 2017	50	Zaragoza	42	Enseñanza superior universitaria	Mujeres	4002
Agosto 2017	22	Huesca	10	Educación Primaria o inferior	Hombres	970
Agosto 2017	22	Huesca	10	Educación Primaria o inferior	Mujeres	1125
Agosto 2017	22	Huesca	20	Primera etapa de educación secundaria	Hombres	1813
Agosto 2017	22	Huesca	20	Primera etapa de educación secundaria	Mujeres	1918
Agosto 2017	22	Huesca	31	Bachillerato	Hombres	297
Agosto 2017	22	Huesca	31	Bachillerato	Mujeres	401
Agosto 2017	22	Huesca	32	Enseñanza media de formación profesional	Hombres	212
Agosto 2017	22	Huesca	32	Enseñanza media de formación profesional	Mujeres	386
Agosto 2017	22	Huesca	41	Enseñanza superior de formación profesional	Hombres	158
Agosto 2017	22	Huesca	41	Enseñanza superior de formación profesional	Mujeres	353
Agosto 2017	22	Huesca	42	Enseñanza superior universitaria	Hombres	304
Agosto 2017	22	Huesca	42	Enseñanza superior universitaria	Mujeres	744
Agosto 2017	44	Teruel	10	Educación Primaria o inferior	Hombres	795
Agosto 2017	44	Teruel	10	Educación Primaria o inferior	Mujeres	921
Agosto 2017	44	Teruel	20	Primera etapa de educación secundaria	Hombres	1029
Agosto 2017	44	Teruel	20	Primera etapa de educación secundaria	Mujeres	1290
Agosto 2017	44	Teruel	31	Bachillerato	Hombres	133
Agosto 2017	44	Teruel	31	Bachillerato	Mujeres	184
Agosto 2017	44	Teruel	32	Enseñanza media de formación profesional	Hombres	150
Agosto 2017	44	Teruel	32	Enseñanza media de formación profesional	Mujeres	287
Agosto 2017	44	Teruel	41	Enseñanza superior de formación profesional	Hombres	93
Agosto 2017	44	Teruel	41	Enseñanza superior de formación profesional	Mujeres	186
Agosto 2017	44	Teruel	42	Enseñanza superior universitaria	Hombres	194
Agosto 2017	44	Teruel	42	Enseñanza superior universitaria	Mujeres	433
Agosto 2017	50	Zaragoza	10	Educación Primaria o inferior	Hombres	3849
Agosto 2017	50	Zaragoza	10	Educación Primaria o inferior	Mujeres	5132
Agosto 2017	50	Zaragoza	20	Primera etapa de educación secundaria	Hombres	11464
Agosto 2017	50	Zaragoza	20	Primera etapa de educación secundaria	Mujeres	15460
Agosto 2017	50	Zaragoza	31	Bachillerato	Hombres	1879
Agosto 2017	50	Zaragoza	31	Bachillerato	Mujeres	2742
Agosto 2017	50	Zaragoza	32	Enseñanza media de formación profesional	Hombres	1405
Agosto 2017	50	Zaragoza	32	Enseñanza media de formación profesional	Mujeres	2518
Agosto 2017	50	Zaragoza	41	Enseñanza superior de formación profesional	Hombres	1074
Agosto 2017	50	Zaragoza	41	Enseñanza superior de formación profesional	Mujeres	2045
Agosto 2017	50	Zaragoza	42	Enseñanza superior universitaria	Hombres	1727
Agosto 2017	50	Zaragoza	42	Enseñanza superior universitaria	Mujeres	4340
Julio 2017	22	Huesca	10	Educación Primaria o inferior	Hombres	946
Julio 2017	22	Huesca	10	Educación Primaria o inferior	Mujeres	1130
Julio 2017	22	Huesca	20	Primera etapa de educación secundaria	Hombres	1750
Julio 2017	22	Huesca	20	Primera etapa de educación secundaria	Mujeres	1889
Julio 2017	22	Huesca	31	Bachillerato	Hombres	276
Julio 2017	22	Huesca	31	Bachillerato	Mujeres	391
Julio 2017	22	Huesca	32	Enseñanza media de formación profesional	Hombres	198
Julio 2017	22	Huesca	32	Enseñanza media de formación profesional	Mujeres	361
Julio 2017	22	Huesca	41	Enseñanza superior de formación profesional	Hombres	151
Julio 2017	22	Huesca	41	Enseñanza superior de formación profesional	Mujeres	304
Julio 2017	22	Huesca	42	Enseñanza superior universitaria	Hombres	251
Julio 2017	22	Huesca	42	Enseñanza superior universitaria	Mujeres	670
Julio 2017	44	Teruel	10	Educación Primaria o inferior	Hombres	753
Julio 2017	44	Teruel	10	Educación Primaria o inferior	Mujeres	946
Julio 2017	44	Teruel	20	Primera etapa de educación secundaria	Hombres	1030
Julio 2017	44	Teruel	20	Primera etapa de educación secundaria	Mujeres	1293
Julio 2017	44	Teruel	31	Bachillerato	Hombres	136
Julio 2017	44	Teruel	31	Bachillerato	Mujeres	178
Julio 2017	44	Teruel	32	Enseñanza media de formación profesional	Hombres	154
Julio 2017	44	Teruel	32	Enseñanza media de formación profesional	Mujeres	266
Julio 2017	44	Teruel	41	Enseñanza superior de formación profesional	Hombres	92
Julio 2017	44	Teruel	41	Enseñanza superior de formación profesional	Mujeres	190
Julio 2017	44	Teruel	42	Enseñanza superior universitaria	Hombres	170
Julio 2017	44	Teruel	42	Enseñanza superior universitaria	Mujeres	379
Julio 2017	50	Zaragoza	10	Educación Primaria o inferior	Hombres	3947
Julio 2017	50	Zaragoza	10	Educación Primaria o inferior	Mujeres	5283
Julio 2017	50	Zaragoza	20	Primera etapa de educación secundaria	Hombres	11439
Julio 2017	50	Zaragoza	20	Primera etapa de educación secundaria	Mujeres	15616
Julio 2017	50	Zaragoza	31	Bachillerato	Hombres	1858
Julio 2017	50	Zaragoza	31	Bachillerato	Mujeres	2668
Julio 2017	50	Zaragoza	32	Enseñanza media de formación profesional	Hombres	1327
Julio 2017	50	Zaragoza	32	Enseñanza media de formación profesional	Mujeres	2519
Julio 2017	50	Zaragoza	41	Enseñanza superior de formación profesional	Hombres	1037
Julio 2017	50	Zaragoza	41	Enseñanza superior de formación profesional	Mujeres	1954
Julio 2017	50	Zaragoza	42	Enseñanza superior universitaria	Hombres	1617
Julio 2017	50	Zaragoza	42	Enseñanza superior universitaria	Mujeres	4042
Junio 2017	22	Huesca	10	Educación Primaria o inferior	Hombres	870
Junio 2017	22	Huesca	10	Educación Primaria o inferior	Mujeres	1162
Junio 2017	22	Huesca	20	Primera etapa de educación secundaria	Hombres	1768
Junio 2017	22	Huesca	20	Primera etapa de educación secundaria	Mujeres	1991
Junio 2017	22	Huesca	31	Bachillerato	Hombres	282
Junio 2017	22	Huesca	31	Bachillerato	Mujeres	414
Junio 2017	22	Huesca	32	Enseñanza media de formación profesional	Hombres	202
Junio 2017	22	Huesca	32	Enseñanza media de formación profesional	Mujeres	399
Junio 2017	22	Huesca	41	Enseñanza superior de formación profesional	Hombres	144
Junio 2017	22	Huesca	41	Enseñanza superior de formación profesional	Mujeres	307
Junio 2017	22	Huesca	42	Enseñanza superior universitaria	Hombres	247
Junio 2017	22	Huesca	42	Enseñanza superior universitaria	Mujeres	602
Junio 2017	44	Teruel	10	Educación Primaria o inferior	Hombres	739
Junio 2017	44	Teruel	10	Educación Primaria o inferior	Mujeres	1019
Junio 2017	44	Teruel	20	Primera etapa de educación secundaria	Hombres	1112
Junio 2017	44	Teruel	20	Primera etapa de educación secundaria	Mujeres	1350
Junio 2017	44	Teruel	31	Bachillerato	Hombres	134
Junio 2017	44	Teruel	31	Bachillerato	Mujeres	186
Junio 2017	44	Teruel	32	Enseñanza media de formación profesional	Hombres	163
Junio 2017	44	Teruel	32	Enseñanza media de formación profesional	Mujeres	306
Junio 2017	44	Teruel	41	Enseñanza superior de formación profesional	Hombres	85
Junio 2017	44	Teruel	41	Enseñanza superior de formación profesional	Mujeres	186
Junio 2017	44	Teruel	42	Enseñanza superior universitaria	Hombres	152
Junio 2017	44	Teruel	42	Enseñanza superior universitaria	Mujeres	352
Junio 2017	50	Zaragoza	10	Educación Primaria o inferior	Hombres	3678
Junio 2017	50	Zaragoza	10	Educación Primaria o inferior	Mujeres	5239
Junio 2017	50	Zaragoza	20	Primera etapa de educación secundaria	Hombres	11377
Junio 2017	50	Zaragoza	20	Primera etapa de educación secundaria	Mujeres	15781
Junio 2017	50	Zaragoza	31	Bachillerato	Hombres	1807
Junio 2017	50	Zaragoza	31	Bachillerato	Mujeres	2570
Junio 2017	50	Zaragoza	32	Enseñanza media de formación profesional	Hombres	1352
Junio 2017	50	Zaragoza	32	Enseñanza media de formación profesional	Mujeres	2564
Junio 2017	50	Zaragoza	41	Enseñanza superior de formación profesional	Hombres	1043
Junio 2017	50	Zaragoza	41	Enseñanza superior de formación profesional	Mujeres	1875
Junio 2017	50	Zaragoza	42	Enseñanza superior universitaria	Hombres	1481
Junio 2017	50	Zaragoza	42	Enseñanza superior universitaria	Mujeres	3555
Mayo 2017	22	Huesca	10	Educación Primaria o inferior	Hombres	929
Mayo 2017	22	Huesca	10	Educación Primaria o inferior	Mujeres	1228
Mayo 2017	22	Huesca	20	Primera etapa de educación secundaria	Hombres	1835
Mayo 2017	22	Huesca	20	Primera etapa de educación secundaria	Mujeres	2057
Mayo 2017	22	Huesca	31	Bachillerato	Hombres	317
Mayo 2017	22	Huesca	31	Bachillerato	Mujeres	442
Mayo 2017	22	Huesca	32	Enseñanza media de formación profesional	Hombres	226
Mayo 2017	22	Huesca	32	Enseñanza media de formación profesional	Mujeres	414
Mayo 2017	22	Huesca	41	Enseñanza superior de formación profesional	Hombres	151
Mayo 2017	22	Huesca	41	Enseñanza superior de formación profesional	Mujeres	330
Mayo 2017	22	Huesca	42	Enseñanza superior universitaria	Hombres	259
Mayo 2017	22	Huesca	42	Enseñanza superior universitaria	Mujeres	635
Mayo 2017	44	Teruel	10	Educación Primaria o inferior	Hombres	771
Mayo 2017	44	Teruel	10	Educación Primaria o inferior	Mujeres	1040
Mayo 2017	44	Teruel	20	Primera etapa de educación secundaria	Hombres	1146
Mayo 2017	44	Teruel	20	Primera etapa de educación secundaria	Mujeres	1398
Mayo 2017	44	Teruel	31	Bachillerato	Hombres	136
Mayo 2017	44	Teruel	31	Bachillerato	Mujeres	192
Mayo 2017	44	Teruel	32	Enseñanza media de formación profesional	Hombres	169
Mayo 2017	44	Teruel	32	Enseñanza media de formación profesional	Mujeres	359
Mayo 2017	44	Teruel	41	Enseñanza superior de formación profesional	Hombres	107
Mayo 2017	44	Teruel	41	Enseñanza superior de formación profesional	Mujeres	206
Mayo 2017	44	Teruel	42	Enseñanza superior universitaria	Hombres	135
Mayo 2017	44	Teruel	42	Enseñanza superior universitaria	Mujeres	366
Mayo 2017	50	Zaragoza	10	Educación Primaria o inferior	Hombres	3782
Mayo 2017	50	Zaragoza	10	Educación Primaria o inferior	Mujeres	5316
Mayo 2017	50	Zaragoza	20	Primera etapa de educación secundaria	Hombres	11873
Mayo 2017	50	Zaragoza	20	Primera etapa de educación secundaria	Mujeres	16077
Mayo 2017	50	Zaragoza	31	Bachillerato	Hombres	1882
Mayo 2017	50	Zaragoza	31	Bachillerato	Mujeres	2651
Mayo 2017	50	Zaragoza	32	Enseñanza media de formación profesional	Hombres	1425
Mayo 2017	50	Zaragoza	32	Enseñanza media de formación profesional	Mujeres	2657
Mayo 2017	50	Zaragoza	41	Enseñanza superior de formación profesional	Hombres	1093
Mayo 2017	50	Zaragoza	41	Enseñanza superior de formación profesional	Mujeres	1936
Mayo 2017	50	Zaragoza	42	Enseñanza superior universitaria	Hombres	1548
Mayo 2017	50	Zaragoza	42	Enseñanza superior universitaria	Mujeres	3674
Abril 2017	22	Huesca	10	Educación Primaria o inferior	Hombres	1115
Abril 2017	22	Huesca	10	Educación Primaria o inferior	Mujeres	1403
Abril 2017	22	Huesca	20	Primera etapa de educación secundaria	Hombres	1982
Abril 2017	22	Huesca	20	Primera etapa de educación secundaria	Mujeres	2114
Abril 2017	22	Huesca	31	Bachillerato	Hombres	295
Abril 2017	22	Huesca	31	Bachillerato	Mujeres	415
Abril 2017	22	Huesca	32	Enseñanza media de formación profesional	Hombres	244
Abril 2017	22	Huesca	32	Enseñanza media de formación profesional	Mujeres	421
Abril 2017	22	Huesca	41	Enseñanza superior de formación profesional	Hombres	164
Abril 2017	22	Huesca	41	Enseñanza superior de formación profesional	Mujeres	332
Abril 2017	22	Huesca	42	Enseñanza superior universitaria	Hombres	264
Abril 2017	22	Huesca	42	Enseñanza superior universitaria	Mujeres	632
Abril 2017	44	Teruel	10	Educación Primaria o inferior	Hombres	937
Abril 2017	44	Teruel	10	Educación Primaria o inferior	Mujeres	1132
Abril 2017	44	Teruel	20	Primera etapa de educación secundaria	Hombres	1234
Abril 2017	44	Teruel	20	Primera etapa de educación secundaria	Mujeres	1429
Abril 2017	44	Teruel	31	Bachillerato	Hombres	143
Abril 2017	44	Teruel	31	Bachillerato	Mujeres	204
Abril 2017	44	Teruel	32	Enseñanza media de formación profesional	Hombres	175
Abril 2017	44	Teruel	32	Enseñanza media de formación profesional	Mujeres	363
Abril 2017	44	Teruel	41	Enseñanza superior de formación profesional	Hombres	108
Abril 2017	44	Teruel	41	Enseñanza superior de formación profesional	Mujeres	204
Abril 2017	44	Teruel	42	Enseñanza superior universitaria	Hombres	146
Abril 2017	44	Teruel	42	Enseñanza superior universitaria	Mujeres	380
Abril 2017	50	Zaragoza	10	Educación Primaria o inferior	Hombres	4526
Abril 2017	50	Zaragoza	10	Educación Primaria o inferior	Mujeres	5744
Abril 2017	50	Zaragoza	20	Primera etapa de educación secundaria	Hombres	13115
Abril 2017	50	Zaragoza	20	Primera etapa de educación secundaria	Mujeres	16761
Abril 2017	50	Zaragoza	31	Bachillerato	Hombres	1978
Abril 2017	50	Zaragoza	31	Bachillerato	Mujeres	2649
Abril 2017	50	Zaragoza	32	Enseñanza media de formación profesional	Hombres	1546
Abril 2017	50	Zaragoza	32	Enseñanza media de formación profesional	Mujeres	2806
Abril 2017	50	Zaragoza	41	Enseñanza superior de formación profesional	Hombres	1127
Abril 2017	50	Zaragoza	41	Enseñanza superior de formación profesional	Mujeres	1984
Abril 2017	50	Zaragoza	42	Enseñanza superior universitaria	Hombres	1628
Abril 2017	50	Zaragoza	42	Enseñanza superior universitaria	Mujeres	3822
Marzo 2017	22	Huesca	10	Educación Primaria o inferior	Hombres	1310
Marzo 2017	22	Huesca	10	Educación Primaria o inferior	Mujeres	1525
Marzo 2017	22	Huesca	20	Primera etapa de educación secundaria	Hombres	2150
Marzo 2017	22	Huesca	20	Primera etapa de educación secundaria	Mujeres	2234
Marzo 2017	22	Huesca	31	Bachillerato	Hombres	307
Marzo 2017	22	Huesca	31	Bachillerato	Mujeres	422
Marzo 2017	22	Huesca	32	Enseñanza media de formación profesional	Hombres	259
Marzo 2017	22	Huesca	32	Enseñanza media de formación profesional	Mujeres	430
Marzo 2017	22	Huesca	41	Enseñanza superior de formación profesional	Hombres	180
Marzo 2017	22	Huesca	41	Enseñanza superior de formación profesional	Mujeres	353
Marzo 2017	22	Huesca	42	Enseñanza superior universitaria	Hombres	274
Marzo 2017	22	Huesca	42	Enseñanza superior universitaria	Mujeres	662
Marzo 2017	44	Teruel	10	Educación Primaria o inferior	Hombres	1044
Marzo 2017	44	Teruel	10	Educación Primaria o inferior	Mujeres	1189
Marzo 2017	44	Teruel	20	Primera etapa de educación secundaria	Hombres	1333
Marzo 2017	44	Teruel	20	Primera etapa de educación secundaria	Mujeres	1498
Marzo 2017	44	Teruel	31	Bachillerato	Hombres	155
Marzo 2017	44	Teruel	31	Bachillerato	Mujeres	200
Marzo 2017	44	Teruel	32	Enseñanza media de formación profesional	Hombres	186
Marzo 2017	44	Teruel	32	Enseñanza media de formación profesional	Mujeres	373
Marzo 2017	44	Teruel	41	Enseñanza superior de formación profesional	Hombres	138
Marzo 2017	44	Teruel	41	Enseñanza superior de formación profesional	Mujeres	217
Marzo 2017	44	Teruel	42	Enseñanza superior universitaria	Hombres	160
Marzo 2017	44	Teruel	42	Enseñanza superior universitaria	Mujeres	395
Marzo 2017	50	Zaragoza	10	Educación Primaria o inferior	Hombres	4970
Marzo 2017	50	Zaragoza	10	Educación Primaria o inferior	Mujeres	6019
Marzo 2017	50	Zaragoza	20	Primera etapa de educación secundaria	Hombres	13779
Marzo 2017	50	Zaragoza	20	Primera etapa de educación secundaria	Mujeres	17198
Marzo 2017	50	Zaragoza	31	Bachillerato	Hombres	2055
Marzo 2017	50	Zaragoza	31	Bachillerato	Mujeres	2728
Marzo 2017	50	Zaragoza	32	Enseñanza media de formación profesional	Hombres	1728
Marzo 2017	50	Zaragoza	32	Enseñanza media de formación profesional	Mujeres	2968
Marzo 2017	50	Zaragoza	41	Enseñanza superior de formación profesional	Hombres	1198
Marzo 2017	50	Zaragoza	41	Enseñanza superior de formación profesional	Mujeres	2147
Marzo 2017	50	Zaragoza	42	Enseñanza superior universitaria	Hombres	1745
Marzo 2017	50	Zaragoza	42	Enseñanza superior universitaria	Mujeres	4004
Febrero 2017	22	Huesca	10	Educación Primaria o inferior	Hombres	1293
Febrero 2017	22	Huesca	10	Educación Primaria o inferior	Mujeres	1566
Febrero 2017	22	Huesca	20	Primera etapa de educación secundaria	Hombres	2172
Febrero 2017	22	Huesca	20	Primera etapa de educación secundaria	Mujeres	2246
Febrero 2017	22	Huesca	31	Bachillerato	Hombres	326
Febrero 2017	22	Huesca	31	Bachillerato	Mujeres	430
Febrero 2017	22	Huesca	32	Enseñanza media de formación profesional	Hombres	272
Febrero 2017	22	Huesca	32	Enseñanza media de formación profesional	Mujeres	460
Febrero 2017	22	Huesca	41	Enseñanza superior de formación profesional	Hombres	191
Febrero 2017	22	Huesca	41	Enseñanza superior de formación profesional	Mujeres	352
Febrero 2017	22	Huesca	42	Enseñanza superior universitaria	Hombres	295
Febrero 2017	22	Huesca	42	Enseñanza superior universitaria	Mujeres	699
Febrero 2017	44	Teruel	10	Educación Primaria o inferior	Hombres	1088
Febrero 2017	44	Teruel	10	Educación Primaria o inferior	Mujeres	1162
Febrero 2017	44	Teruel	20	Primera etapa de educación secundaria	Hombres	1460
Febrero 2017	44	Teruel	20	Primera etapa de educación secundaria	Mujeres	1528
Febrero 2017	44	Teruel	31	Bachillerato	Hombres	148
Febrero 2017	44	Teruel	31	Bachillerato	Mujeres	211
Febrero 2017	44	Teruel	32	Enseñanza media de formación profesional	Hombres	194
Febrero 2017	44	Teruel	32	Enseñanza media de formación profesional	Mujeres	368
Febrero 2017	44	Teruel	41	Enseñanza superior de formación profesional	Hombres	137
Febrero 2017	44	Teruel	41	Enseñanza superior de formación profesional	Mujeres	230
Febrero 2017	44	Teruel	42	Enseñanza superior universitaria	Hombres	173
Febrero 2017	44	Teruel	42	Enseñanza superior universitaria	Mujeres	419
Febrero 2017	50	Zaragoza	10	Educación Primaria o inferior	Hombres	4861
Febrero 2017	50	Zaragoza	10	Educación Primaria o inferior	Mujeres	6032
Febrero 2017	50	Zaragoza	20	Primera etapa de educación secundaria	Hombres	14056
Febrero 2017	50	Zaragoza	20	Primera etapa de educación secundaria	Mujeres	17421
Febrero 2017	50	Zaragoza	31	Bachillerato	Hombres	2107
Febrero 2017	50	Zaragoza	31	Bachillerato	Mujeres	2804
Febrero 2017	50	Zaragoza	32	Enseñanza media de formación profesional	Hombres	1743
Febrero 2017	50	Zaragoza	32	Enseñanza media de formación profesional	Mujeres	3066
Febrero 2017	50	Zaragoza	41	Enseñanza superior de formación profesional	Hombres	1265
Febrero 2017	50	Zaragoza	41	Enseñanza superior de formación profesional	Mujeres	2250
Febrero 2017	50	Zaragoza	42	Enseñanza superior universitaria	Hombres	1848
Febrero 2017	50	Zaragoza	42	Enseñanza superior universitaria	Mujeres	4220
Enero 2017	22	Huesca	10	Educación Primaria o inferior	Hombres	1342
Enero 2017	22	Huesca	10	Educación Primaria o inferior	Mujeres	1536
Enero 2017	22	Huesca	20	Primera etapa de educación secundaria	Hombres	2322
Enero 2017	22	Huesca	20	Primera etapa de educación secundaria	Mujeres	2300
Enero 2017	22	Huesca	31	Bachillerato	Hombres	351
Enero 2017	22	Huesca	31	Bachillerato	Mujeres	463
Enero 2017	22	Huesca	32	Enseñanza media de formación profesional	Hombres	276
Enero 2017	22	Huesca	32	Enseñanza media de formación profesional	Mujeres	488
Enero 2017	22	Huesca	41	Enseñanza superior de formación profesional	Hombres	219
Enero 2017	22	Huesca	41	Enseñanza superior de formación profesional	Mujeres	373
Enero 2017	22	Huesca	42	Enseñanza superior universitaria	Hombres	320
Enero 2017	22	Huesca	42	Enseñanza superior universitaria	Mujeres	723
Enero 2017	44	Teruel	10	Educación Primaria o inferior	Hombres	1131
Enero 2017	44	Teruel	10	Educación Primaria o inferior	Mujeres	1213
Enero 2017	44	Teruel	20	Primera etapa de educación secundaria	Hombres	1554
Enero 2017	44	Teruel	20	Primera etapa de educación secundaria	Mujeres	1591
Enero 2017	44	Teruel	31	Bachillerato	Hombres	180
Enero 2017	44	Teruel	31	Bachillerato	Mujeres	215
Enero 2017	44	Teruel	32	Enseñanza media de formación profesional	Hombres	209
Enero 2017	44	Teruel	32	Enseñanza media de formación profesional	Mujeres	399
Enero 2017	44	Teruel	41	Enseñanza superior de formación profesional	Hombres	163
Enero 2017	44	Teruel	41	Enseñanza superior de formación profesional	Mujeres	260
Enero 2017	44	Teruel	42	Enseñanza superior universitaria	Hombres	197
Enero 2017	44	Teruel	42	Enseñanza superior universitaria	Mujeres	446
Enero 2017	50	Zaragoza	10	Educación Primaria o inferior	Hombres	4927
Enero 2017	50	Zaragoza	10	Educación Primaria o inferior	Mujeres	5914
Enero 2017	50	Zaragoza	20	Primera etapa de educación secundaria	Hombres	14580
Enero 2017	50	Zaragoza	20	Primera etapa de educación secundaria	Mujeres	17441
Enero 2017	50	Zaragoza	31	Bachillerato	Hombres	2272
Enero 2017	50	Zaragoza	31	Bachillerato	Mujeres	3010
Enero 2017	50	Zaragoza	32	Enseñanza media de formación profesional	Hombres	1918
Enero 2017	50	Zaragoza	32	Enseñanza media de formación profesional	Mujeres	3220
Enero 2017	50	Zaragoza	41	Enseñanza superior de formación profesional	Hombres	1412
Enero 2017	50	Zaragoza	41	Enseñanza superior de formación profesional	Mujeres	2448
Enero 2017	50	Zaragoza	42	Enseñanza superior universitaria	Hombres	1983
Enero 2017	50	Zaragoza	42	Enseñanza superior universitaria	Mujeres	4515
Diciembre 2016	22	Huesca	10	Educación Primaria o inferior	Hombres	1367
Diciembre 2016	22	Huesca	10	Educación Primaria o inferior	Mujeres	1489
Diciembre 2016	22	Huesca	20	Primera etapa de educación secundaria	Hombres	2195
Diciembre 2016	22	Huesca	20	Primera etapa de educación secundaria	Mujeres	2202
Diciembre 2016	22	Huesca	31	Bachillerato	Hombres	368
Diciembre 2016	22	Huesca	31	Bachillerato	Mujeres	428
Diciembre 2016	22	Huesca	32	Enseñanza media de formación profesional	Hombres	258
Diciembre 2016	22	Huesca	32	Enseñanza media de formación profesional	Mujeres	438
Diciembre 2016	22	Huesca	41	Enseñanza superior de formación profesional	Hombres	196
Diciembre 2016	22	Huesca	41	Enseñanza superior de formación profesional	Mujeres	348
Diciembre 2016	22	Huesca	42	Enseñanza superior universitaria	Hombres	306
Diciembre 2016	22	Huesca	42	Enseñanza superior universitaria	Mujeres	682
Diciembre 2016	44	Teruel	10	Educación Primaria o inferior	Hombres	1120
Diciembre 2016	44	Teruel	10	Educación Primaria o inferior	Mujeres	1180
Diciembre 2016	44	Teruel	20	Primera etapa de educación secundaria	Hombres	1497
Diciembre 2016	44	Teruel	20	Primera etapa de educación secundaria	Mujeres	1505
Diciembre 2016	44	Teruel	31	Bachillerato	Hombres	180
Diciembre 2016	44	Teruel	31	Bachillerato	Mujeres	215
Diciembre 2016	44	Teruel	32	Enseñanza media de formación profesional	Hombres	200
Diciembre 2016	44	Teruel	32	Enseñanza media de formación profesional	Mujeres	355
Diciembre 2016	44	Teruel	41	Enseñanza superior de formación profesional	Hombres	156
Diciembre 2016	44	Teruel	41	Enseñanza superior de formación profesional	Mujeres	247
Diciembre 2016	44	Teruel	42	Enseñanza superior universitaria	Hombres	195
Diciembre 2016	44	Teruel	42	Enseñanza superior universitaria	Mujeres	439
Diciembre 2016	50	Zaragoza	10	Educación Primaria o inferior	Hombres	4950
Diciembre 2016	50	Zaragoza	10	Educación Primaria o inferior	Mujeres	5886
Diciembre 2016	50	Zaragoza	20	Primera etapa de educación secundaria	Hombres	14621
Diciembre 2016	50	Zaragoza	20	Primera etapa de educación secundaria	Mujeres	16942
Diciembre 2016	50	Zaragoza	31	Bachillerato	Hombres	2252
Diciembre 2016	50	Zaragoza	31	Bachillerato	Mujeres	2966
Diciembre 2016	50	Zaragoza	32	Enseñanza media de formación profesional	Hombres	1972
Diciembre 2016	50	Zaragoza	32	Enseñanza media de formación profesional	Mujeres	2951
Diciembre 2016	50	Zaragoza	41	Enseñanza superior de formación profesional	Hombres	1363
Diciembre 2016	50	Zaragoza	41	Enseñanza superior de formación profesional	Mujeres	2307
Diciembre 2016	50	Zaragoza	42	Enseñanza superior universitaria	Hombres	1952
Diciembre 2016	50	Zaragoza	42	Enseñanza superior universitaria	Mujeres	4205
Noviembre 2016	22	Huesca	10	Educación Primaria o inferior	Hombres	1416
Noviembre 2016	22	Huesca	10	Educación Primaria o inferior	Mujeres	1541
Noviembre 2016	22	Huesca	20	Primera etapa de educación secundaria	Hombres	2331
Noviembre 2016	22	Huesca	20	Primera etapa de educación secundaria	Mujeres	2327
Noviembre 2016	22	Huesca	31	Bachillerato	Hombres	390
Noviembre 2016	22	Huesca	31	Bachillerato	Mujeres	475
Noviembre 2016	22	Huesca	32	Enseñanza media de formación profesional	Hombres	268
Noviembre 2016	22	Huesca	32	Enseñanza media de formación profesional	Mujeres	491
Noviembre 2016	22	Huesca	41	Enseñanza superior de formación profesional	Hombres	220
Noviembre 2016	22	Huesca	41	Enseñanza superior de formación profesional	Mujeres	390
Noviembre 2016	22	Huesca	42	Enseñanza superior universitaria	Hombres	332
Noviembre 2016	22	Huesca	42	Enseñanza superior universitaria	Mujeres	745
Noviembre 2016	44	Teruel	10	Educación Primaria o inferior	Hombres	1111
Noviembre 2016	44	Teruel	10	Educación Primaria o inferior	Mujeres	1243
Noviembre 2016	44	Teruel	20	Primera etapa de educación secundaria	Hombres	1534
Noviembre 2016	44	Teruel	20	Primera etapa de educación secundaria	Mujeres	1614
Noviembre 2016	44	Teruel	31	Bachillerato	Hombres	182
Noviembre 2016	44	Teruel	31	Bachillerato	Mujeres	223
Noviembre 2016	44	Teruel	32	Enseñanza media de formación profesional	Hombres	219
Noviembre 2016	44	Teruel	32	Enseñanza media de formación profesional	Mujeres	402
Noviembre 2016	44	Teruel	41	Enseñanza superior de formación profesional	Hombres	175
Noviembre 2016	44	Teruel	41	Enseñanza superior de formación profesional	Mujeres	260
Noviembre 2016	44	Teruel	42	Enseñanza superior universitaria	Hombres	189
Noviembre 2016	44	Teruel	42	Enseñanza superior universitaria	Mujeres	459
Noviembre 2016	50	Zaragoza	10	Educación Primaria o inferior	Hombres	4982
Noviembre 2016	50	Zaragoza	10	Educación Primaria o inferior	Mujeres	5957
Noviembre 2016	50	Zaragoza	20	Primera etapa de educación secundaria	Hombres	14454
Noviembre 2016	50	Zaragoza	20	Primera etapa de educación secundaria	Mujeres	17305
Noviembre 2016	50	Zaragoza	31	Bachillerato	Hombres	2244
Noviembre 2016	50	Zaragoza	31	Bachillerato	Mujeres	3028
Noviembre 2016	50	Zaragoza	32	Enseñanza media de formación profesional	Hombres	1855
Noviembre 2016	50	Zaragoza	32	Enseñanza media de formación profesional	Mujeres	3059
Noviembre 2016	50	Zaragoza	41	Enseñanza superior de formación profesional	Hombres	1379
Noviembre 2016	50	Zaragoza	41	Enseñanza superior de formación profesional	Mujeres	2402
Noviembre 2016	50	Zaragoza	42	Enseñanza superior universitaria	Hombres	1935
Noviembre 2016	50	Zaragoza	42	Enseñanza superior universitaria	Mujeres	4346
Octubre 2016	22	Huesca	10	Educación Primaria o inferior	Hombres	1469
Octubre 2016	22	Huesca	10	Educación Primaria o inferior	Mujeres	1487
Octubre 2016	22	Huesca	20	Primera etapa de educación secundaria	Hombres	2344
Octubre 2016	22	Huesca	20	Primera etapa de educación secundaria	Mujeres	2331
Octubre 2016	22	Huesca	31	Bachillerato	Hombres	389
Octubre 2016	22	Huesca	31	Bachillerato	Mujeres	473
Octubre 2016	22	Huesca	32	Enseñanza media de formación profesional	Hombres	270
Octubre 2016	22	Huesca	32	Enseñanza media de formación profesional	Mujeres	491
Octubre 2016	22	Huesca	41	Enseñanza superior de formación profesional	Hombres	234
Octubre 2016	22	Huesca	41	Enseñanza superior de formación profesional	Mujeres	400
Octubre 2016	22	Huesca	42	Enseñanza superior universitaria	Hombres	341
Octubre 2016	22	Huesca	42	Enseñanza superior universitaria	Mujeres	783
Octubre 2016	44	Teruel	10	Educación Primaria o inferior	Hombres	1065
Octubre 2016	44	Teruel	10	Educación Primaria o inferior	Mujeres	1138
Octubre 2016	44	Teruel	20	Primera etapa de educación secundaria	Hombres	1464
Octubre 2016	44	Teruel	20	Primera etapa de educación secundaria	Mujeres	1530
Octubre 2016	44	Teruel	31	Bachillerato	Hombres	183
Octubre 2016	44	Teruel	31	Bachillerato	Mujeres	208
Octubre 2016	44	Teruel	32	Enseñanza media de formación profesional	Hombres	218
Octubre 2016	44	Teruel	32	Enseñanza media de formación profesional	Mujeres	418
Octubre 2016	44	Teruel	41	Enseñanza superior de formación profesional	Hombres	175
Octubre 2016	44	Teruel	41	Enseñanza superior de formación profesional	Mujeres	272
Octubre 2016	44	Teruel	42	Enseñanza superior universitaria	Hombres	193
Octubre 2016	44	Teruel	42	Enseñanza superior universitaria	Mujeres	478
Octubre 2016	50	Zaragoza	10	Educación Primaria o inferior	Hombres	4861
Octubre 2016	50	Zaragoza	10	Educación Primaria o inferior	Mujeres	5775
Octubre 2016	50	Zaragoza	20	Primera etapa de educación secundaria	Hombres	14259
Octubre 2016	50	Zaragoza	20	Primera etapa de educación secundaria	Mujeres	17011
Octubre 2016	50	Zaragoza	31	Bachillerato	Hombres	2229
Octubre 2016	50	Zaragoza	31	Bachillerato	Mujeres	3062
Octubre 2016	50	Zaragoza	32	Enseñanza media de formación profesional	Hombres	1899
Octubre 2016	50	Zaragoza	32	Enseñanza media de formación profesional	Mujeres	3066
Octubre 2016	50	Zaragoza	41	Enseñanza superior de formación profesional	Hombres	1412
Octubre 2016	50	Zaragoza	41	Enseñanza superior de formación profesional	Mujeres	2478
Octubre 2016	50	Zaragoza	42	Enseñanza superior universitaria	Hombres	2035
Octubre 2016	50	Zaragoza	42	Enseñanza superior universitaria	Mujeres	4614
Septiembre 2016	22	Huesca	10	Educación Primaria o inferior	Hombres	1412
Septiembre 2016	22	Huesca	10	Educación Primaria o inferior	Mujeres	1400
Septiembre 2016	22	Huesca	20	Primera etapa de educación secundaria	Hombres	2354
Septiembre 2016	22	Huesca	20	Primera etapa de educación secundaria	Mujeres	2256
Septiembre 2016	22	Huesca	31	Bachillerato	Hombres	377
Septiembre 2016	22	Huesca	31	Bachillerato	Mujeres	460
Septiembre 2016	22	Huesca	32	Enseñanza media de formación profesional	Hombres	259
Septiembre 2016	22	Huesca	32	Enseñanza media de formación profesional	Mujeres	438
Septiembre 2016	22	Huesca	41	Enseñanza superior de formación profesional	Hombres	238
Septiembre 2016	22	Huesca	41	Enseñanza superior de formación profesional	Mujeres	418
Septiembre 2016	22	Huesca	42	Enseñanza superior universitaria	Hombres	335
Septiembre 2016	22	Huesca	42	Enseñanza superior universitaria	Mujeres	792
Septiembre 2016	44	Teruel	10	Educación Primaria o inferior	Hombres	996
Septiembre 2016	44	Teruel	10	Educación Primaria o inferior	Mujeres	1084
Septiembre 2016	44	Teruel	20	Primera etapa de educación secundaria	Hombres	1432
Septiembre 2016	44	Teruel	20	Primera etapa de educación secundaria	Mujeres	1481
Septiembre 2016	44	Teruel	31	Bachillerato	Hombres	166
Septiembre 2016	44	Teruel	31	Bachillerato	Mujeres	215
Septiembre 2016	44	Teruel	32	Enseñanza media de formación profesional	Hombres	199
Septiembre 2016	44	Teruel	32	Enseñanza media de formación profesional	Mujeres	362
Septiembre 2016	44	Teruel	41	Enseñanza superior de formación profesional	Hombres	153
Septiembre 2016	44	Teruel	41	Enseñanza superior de formación profesional	Mujeres	255
Septiembre 2016	44	Teruel	42	Enseñanza superior universitaria	Hombres	200
Septiembre 2016	44	Teruel	42	Enseñanza superior universitaria	Mujeres	476
Septiembre 2016	50	Zaragoza	10	Educación Primaria o inferior	Hombres	4653
Septiembre 2016	50	Zaragoza	10	Educación Primaria o inferior	Mujeres	5647
Septiembre 2016	50	Zaragoza	20	Primera etapa de educación secundaria	Hombres	14017
Septiembre 2016	50	Zaragoza	20	Primera etapa de educación secundaria	Mujeres	17081
Septiembre 2016	50	Zaragoza	31	Bachillerato	Hombres	2287
Septiembre 2016	50	Zaragoza	31	Bachillerato	Mujeres	3144
Septiembre 2016	50	Zaragoza	32	Enseñanza media de formación profesional	Hombres	1860
Septiembre 2016	50	Zaragoza	32	Enseñanza media de formación profesional	Mujeres	2954
Septiembre 2016	50	Zaragoza	41	Enseñanza superior de formación profesional	Hombres	1396
Septiembre 2016	50	Zaragoza	41	Enseñanza superior de formación profesional	Mujeres	2471
Septiembre 2016	50	Zaragoza	42	Enseñanza superior universitaria	Hombres	2046
Septiembre 2016	50	Zaragoza	42	Enseñanza superior universitaria	Mujeres	4809
Agosto 2016	22	Huesca	10	Educación Primaria o inferior	Hombres	1171
Agosto 2016	22	Huesca	10	Educación Primaria o inferior	Mujeres	1226
Agosto 2016	22	Huesca	20	Primera etapa de educación secundaria	Hombres	2209
Agosto 2016	22	Huesca	20	Primera etapa de educación secundaria	Mujeres	2117
Agosto 2016	22	Huesca	31	Bachillerato	Hombres	341
Agosto 2016	22	Huesca	31	Bachillerato	Mujeres	437
Agosto 2016	22	Huesca	32	Enseñanza media de formación profesional	Hombres	222
Agosto 2016	22	Huesca	32	Enseñanza media de formación profesional	Mujeres	417
Agosto 2016	22	Huesca	41	Enseñanza superior de formación profesional	Hombres	195
Agosto 2016	22	Huesca	41	Enseñanza superior de formación profesional	Mujeres	367
Agosto 2016	22	Huesca	42	Enseñanza superior universitaria	Hombres	338
Agosto 2016	22	Huesca	42	Enseñanza superior universitaria	Mujeres	860
Agosto 2016	44	Teruel	10	Educación Primaria o inferior	Hombres	1015
Agosto 2016	44	Teruel	10	Educación Primaria o inferior	Mujeres	1060
Agosto 2016	44	Teruel	20	Primera etapa de educación secundaria	Hombres	1415
Agosto 2016	44	Teruel	20	Primera etapa de educación secundaria	Mujeres	1354
Agosto 2016	44	Teruel	31	Bachillerato	Hombres	161
Agosto 2016	44	Teruel	31	Bachillerato	Mujeres	208
Agosto 2016	44	Teruel	32	Enseñanza media de formación profesional	Hombres	199
Agosto 2016	44	Teruel	32	Enseñanza media de formación profesional	Mujeres	322
Agosto 2016	44	Teruel	41	Enseñanza superior de formación profesional	Hombres	147
Agosto 2016	44	Teruel	41	Enseñanza superior de formación profesional	Mujeres	248
Agosto 2016	44	Teruel	42	Enseñanza superior universitaria	Hombres	237
Agosto 2016	44	Teruel	42	Enseñanza superior universitaria	Mujeres	482
Agosto 2016	50	Zaragoza	10	Educación Primaria o inferior	Hombres	4504
Agosto 2016	50	Zaragoza	10	Educación Primaria o inferior	Mujeres	5376
Agosto 2016	50	Zaragoza	20	Primera etapa de educación secundaria	Hombres	13640
Agosto 2016	50	Zaragoza	20	Primera etapa de educación secundaria	Mujeres	16601
Agosto 2016	50	Zaragoza	31	Bachillerato	Hombres	2228
Agosto 2016	50	Zaragoza	31	Bachillerato	Mujeres	3111
Agosto 2016	50	Zaragoza	32	Enseñanza media de formación profesional	Hombres	1766
Agosto 2016	50	Zaragoza	32	Enseñanza media de formación profesional	Mujeres	2860
Agosto 2016	50	Zaragoza	41	Enseñanza superior de formación profesional	Hombres	1374
Agosto 2016	50	Zaragoza	41	Enseñanza superior de formación profesional	Mujeres	2374
Agosto 2016	50	Zaragoza	42	Enseñanza superior universitaria	Hombres	2139
Agosto 2016	50	Zaragoza	42	Enseñanza superior universitaria	Mujeres	5119
Julio 2016	22	Huesca	10	Educación Primaria o inferior	Hombres	1144
Julio 2016	22	Huesca	10	Educación Primaria o inferior	Mujeres	1243
Julio 2016	22	Huesca	20	Primera etapa de educación secundaria	Hombres	2209
Julio 2016	22	Huesca	20	Primera etapa de educación secundaria	Mujeres	2165
Julio 2016	22	Huesca	31	Bachillerato	Hombres	344
Julio 2016	22	Huesca	31	Bachillerato	Mujeres	432
Julio 2016	22	Huesca	32	Enseñanza media de formación profesional	Hombres	223
Julio 2016	22	Huesca	32	Enseñanza media de formación profesional	Mujeres	429
Julio 2016	22	Huesca	41	Enseñanza superior de formación profesional	Hombres	190
Julio 2016	22	Huesca	41	Enseñanza superior de formación profesional	Mujeres	376
Julio 2016	22	Huesca	42	Enseñanza superior universitaria	Hombres	331
Julio 2016	22	Huesca	42	Enseñanza superior universitaria	Mujeres	785
Julio 2016	44	Teruel	10	Educación Primaria o inferior	Hombres	984
Julio 2016	44	Teruel	10	Educación Primaria o inferior	Mujeres	1128
Julio 2016	44	Teruel	20	Primera etapa de educación secundaria	Hombres	1435
Julio 2016	44	Teruel	20	Primera etapa de educación secundaria	Mujeres	1402
Julio 2016	44	Teruel	31	Bachillerato	Hombres	160
Julio 2016	44	Teruel	31	Bachillerato	Mujeres	202
Julio 2016	44	Teruel	32	Enseñanza media de formación profesional	Hombres	200
Julio 2016	44	Teruel	32	Enseñanza media de formación profesional	Mujeres	342
Julio 2016	44	Teruel	41	Enseñanza superior de formación profesional	Hombres	140
Julio 2016	44	Teruel	41	Enseñanza superior de formación profesional	Mujeres	241
Julio 2016	44	Teruel	42	Enseñanza superior universitaria	Hombres	218
Julio 2016	44	Teruel	42	Enseñanza superior universitaria	Mujeres	445
Julio 2016	50	Zaragoza	10	Educación Primaria o inferior	Hombres	4585
Julio 2016	50	Zaragoza	10	Educación Primaria o inferior	Mujeres	5470
Julio 2016	50	Zaragoza	20	Primera etapa de educación secundaria	Hombres	13701
Julio 2016	50	Zaragoza	20	Primera etapa de educación secundaria	Mujeres	16921
Julio 2016	50	Zaragoza	31	Bachillerato	Hombres	2208
Julio 2016	50	Zaragoza	31	Bachillerato	Mujeres	3069
Julio 2016	50	Zaragoza	32	Enseñanza media de formación profesional	Hombres	1728
Julio 2016	50	Zaragoza	32	Enseñanza media de formación profesional	Mujeres	2859
Julio 2016	50	Zaragoza	41	Enseñanza superior de formación profesional	Hombres	1349
Julio 2016	50	Zaragoza	41	Enseñanza superior de formación profesional	Mujeres	2308
Julio 2016	50	Zaragoza	42	Enseñanza superior universitaria	Hombres	2046
Julio 2016	50	Zaragoza	42	Enseñanza superior universitaria	Mujeres	4758
Junio 2016	22	Huesca	10	Educación Primaria o inferior	Hombres	1215
Junio 2016	22	Huesca	10	Educación Primaria o inferior	Mujeres	1335
Junio 2016	22	Huesca	20	Primera etapa de educación secundaria	Hombres	2360
Junio 2016	22	Huesca	20	Primera etapa de educación secundaria	Mujeres	2268
Junio 2016	22	Huesca	31	Bachillerato	Hombres	359
Junio 2016	22	Huesca	31	Bachillerato	Mujeres	428
Junio 2016	22	Huesca	32	Enseñanza media de formación profesional	Hombres	249
Junio 2016	22	Huesca	32	Enseñanza media de formación profesional	Mujeres	484
Junio 2016	22	Huesca	41	Enseñanza superior de formación profesional	Hombres	200
Junio 2016	22	Huesca	41	Enseñanza superior de formación profesional	Mujeres	357
Junio 2016	22	Huesca	42	Enseñanza superior universitaria	Hombres	315
Junio 2016	22	Huesca	42	Enseñanza superior universitaria	Mujeres	734
Junio 2016	44	Teruel	10	Educación Primaria o inferior	Hombres	1041
Junio 2016	44	Teruel	10	Educación Primaria o inferior	Mujeres	1212
Junio 2016	44	Teruel	20	Primera etapa de educación secundaria	Hombres	1522
Junio 2016	44	Teruel	20	Primera etapa de educación secundaria	Mujeres	1510
Junio 2016	44	Teruel	31	Bachillerato	Hombres	162
Junio 2016	44	Teruel	31	Bachillerato	Mujeres	198
Junio 2016	44	Teruel	32	Enseñanza media de formación profesional	Hombres	219
Junio 2016	44	Teruel	32	Enseñanza media de formación profesional	Mujeres	372
Junio 2016	44	Teruel	41	Enseñanza superior de formación profesional	Hombres	141
Junio 2016	44	Teruel	41	Enseñanza superior de formación profesional	Mujeres	257
Junio 2016	44	Teruel	42	Enseñanza superior universitaria	Hombres	197
Junio 2016	44	Teruel	42	Enseñanza superior universitaria	Mujeres	428
Junio 2016	50	Zaragoza	10	Educación Primaria o inferior	Hombres	4441
Junio 2016	50	Zaragoza	10	Educación Primaria o inferior	Mujeres	5637
Junio 2016	50	Zaragoza	20	Primera etapa de educación secundaria	Hombres	13930
Junio 2016	50	Zaragoza	20	Primera etapa de educación secundaria	Mujeres	17394
Junio 2016	50	Zaragoza	31	Bachillerato	Hombres	2199
Junio 2016	50	Zaragoza	31	Bachillerato	Mujeres	3054
Junio 2016	50	Zaragoza	32	Enseñanza media de formación profesional	Hombres	1840
Junio 2016	50	Zaragoza	32	Enseñanza media de formación profesional	Mujeres	3014
Junio 2016	50	Zaragoza	41	Enseñanza superior de formación profesional	Hombres	1379
Junio 2016	50	Zaragoza	41	Enseñanza superior de formación profesional	Mujeres	2309
Junio 2016	50	Zaragoza	42	Enseñanza superior universitaria	Hombres	1931
Junio 2016	50	Zaragoza	42	Enseñanza superior universitaria	Mujeres	4371
Mayo 2016	22	Huesca	10	Educación Primaria o inferior	Hombres	1285
Mayo 2016	22	Huesca	10	Educación Primaria o inferior	Mujeres	1435
Mayo 2016	22	Huesca	20	Primera etapa de educación secundaria	Hombres	2552
Mayo 2016	22	Huesca	20	Primera etapa de educación secundaria	Mujeres	2377
Mayo 2016	22	Huesca	31	Bachillerato	Hombres	373
Mayo 2016	22	Huesca	31	Bachillerato	Mujeres	459
Mayo 2016	22	Huesca	32	Enseñanza media de formación profesional	Hombres	267
Mayo 2016	22	Huesca	32	Enseñanza media de formación profesional	Mujeres	506
Mayo 2016	22	Huesca	41	Enseñanza superior de formación profesional	Hombres	205
Mayo 2016	22	Huesca	41	Enseñanza superior de formación profesional	Mujeres	402
Mayo 2016	22	Huesca	42	Enseñanza superior universitaria	Hombres	316
Mayo 2016	22	Huesca	42	Enseñanza superior universitaria	Mujeres	754
Mayo 2016	44	Teruel	10	Educación Primaria o inferior	Hombres	1120
Mayo 2016	44	Teruel	10	Educación Primaria o inferior	Mujeres	1248
Mayo 2016	44	Teruel	20	Primera etapa de educación secundaria	Hombres	1579
Mayo 2016	44	Teruel	20	Primera etapa de educación secundaria	Mujeres	1556
Mayo 2016	44	Teruel	31	Bachillerato	Hombres	203
Mayo 2016	44	Teruel	31	Bachillerato	Mujeres	221
Mayo 2016	44	Teruel	32	Enseñanza media de formación profesional	Hombres	227
Mayo 2016	44	Teruel	32	Enseñanza media de formación profesional	Mujeres	405
Mayo 2016	44	Teruel	41	Enseñanza superior de formación profesional	Hombres	148
Mayo 2016	44	Teruel	41	Enseñanza superior de formación profesional	Mujeres	260
Mayo 2016	44	Teruel	42	Enseñanza superior universitaria	Hombres	204
Mayo 2016	44	Teruel	42	Enseñanza superior universitaria	Mujeres	465
Mayo 2016	50	Zaragoza	10	Educación Primaria o inferior	Hombres	4853
Mayo 2016	50	Zaragoza	10	Educación Primaria o inferior	Mujeres	5821
Mayo 2016	50	Zaragoza	20	Primera etapa de educación secundaria	Hombres	14986
Mayo 2016	50	Zaragoza	20	Primera etapa de educación secundaria	Mujeres	17869
Mayo 2016	50	Zaragoza	31	Bachillerato	Hombres	2350
Mayo 2016	50	Zaragoza	31	Bachillerato	Mujeres	3152
Mayo 2016	50	Zaragoza	32	Enseñanza media de formación profesional	Hombres	1987
Mayo 2016	50	Zaragoza	32	Enseñanza media de formación profesional	Mujeres	3191
Mayo 2016	50	Zaragoza	41	Enseñanza superior de formación profesional	Hombres	1466
Mayo 2016	50	Zaragoza	41	Enseñanza superior de formación profesional	Mujeres	2402
Mayo 2016	50	Zaragoza	42	Enseñanza superior universitaria	Hombres	2006
Mayo 2016	50	Zaragoza	42	Enseñanza superior universitaria	Mujeres	4436
Abril 2016	22	Huesca	10	Educación Primaria o inferior	Hombres	1566
Abril 2016	22	Huesca	10	Educación Primaria o inferior	Mujeres	1630
Abril 2016	22	Huesca	20	Primera etapa de educación secundaria	Hombres	2758
Abril 2016	22	Huesca	20	Primera etapa de educación secundaria	Mujeres	2486
Abril 2016	22	Huesca	31	Bachillerato	Hombres	381
Abril 2016	22	Huesca	31	Bachillerato	Mujeres	478
Abril 2016	22	Huesca	32	Enseñanza media de formación profesional	Hombres	297
Abril 2016	22	Huesca	32	Enseñanza media de formación profesional	Mujeres	517
Abril 2016	22	Huesca	41	Enseñanza superior de formación profesional	Hombres	228
Abril 2016	22	Huesca	41	Enseñanza superior de formación profesional	Mujeres	422
Abril 2016	22	Huesca	42	Enseñanza superior universitaria	Hombres	323
Abril 2016	22	Huesca	42	Enseñanza superior universitaria	Mujeres	792
Abril 2016	44	Teruel	10	Educación Primaria o inferior	Hombres	1260
Abril 2016	44	Teruel	10	Educación Primaria o inferior	Mujeres	1317
Abril 2016	44	Teruel	20	Primera etapa de educación secundaria	Hombres	1710
Abril 2016	44	Teruel	20	Primera etapa de educación secundaria	Mujeres	1575
Abril 2016	44	Teruel	31	Bachillerato	Hombres	193
Abril 2016	44	Teruel	31	Bachillerato	Mujeres	213
Abril 2016	44	Teruel	32	Enseñanza media de formación profesional	Hombres	248
Abril 2016	44	Teruel	32	Enseñanza media de formación profesional	Mujeres	424
Abril 2016	44	Teruel	41	Enseñanza superior de formación profesional	Hombres	172
Abril 2016	44	Teruel	41	Enseñanza superior de formación profesional	Mujeres	272
Abril 2016	44	Teruel	42	Enseñanza superior universitaria	Hombres	203
Abril 2016	44	Teruel	42	Enseñanza superior universitaria	Mujeres	504
Abril 2016	50	Zaragoza	10	Educación Primaria o inferior	Hombres	5461
Abril 2016	50	Zaragoza	10	Educación Primaria o inferior	Mujeres	6119
Abril 2016	50	Zaragoza	20	Primera etapa de educación secundaria	Hombres	16133
Abril 2016	50	Zaragoza	20	Primera etapa de educación secundaria	Mujeres	18461
Abril 2016	50	Zaragoza	31	Bachillerato	Hombres	2427
Abril 2016	50	Zaragoza	31	Bachillerato	Mujeres	3200
Abril 2016	50	Zaragoza	32	Enseñanza media de formación profesional	Hombres	2135
Abril 2016	50	Zaragoza	32	Enseñanza media de formación profesional	Mujeres	3342
Abril 2016	50	Zaragoza	41	Enseñanza superior de formación profesional	Hombres	1499
Abril 2016	50	Zaragoza	41	Enseñanza superior de formación profesional	Mujeres	2444
Abril 2016	50	Zaragoza	42	Enseñanza superior universitaria	Hombres	2039
Abril 2016	50	Zaragoza	42	Enseñanza superior universitaria	Mujeres	4518
Marzo 2016	22	Huesca	10	Educación Primaria o inferior	Hombres	1652
Marzo 2016	22	Huesca	10	Educación Primaria o inferior	Mujeres	1663
Marzo 2016	22	Huesca	20	Primera etapa de educación secundaria	Hombres	2741
Marzo 2016	22	Huesca	20	Primera etapa de educación secundaria	Mujeres	2438
Marzo 2016	22	Huesca	31	Bachillerato	Hombres	380
Marzo 2016	22	Huesca	31	Bachillerato	Mujeres	479
Marzo 2016	22	Huesca	32	Enseñanza media de formación profesional	Hombres	302
Marzo 2016	22	Huesca	32	Enseñanza media de formación profesional	Mujeres	497
Marzo 2016	22	Huesca	41	Enseñanza superior de formación profesional	Hombres	218
Marzo 2016	22	Huesca	41	Enseñanza superior de formación profesional	Mujeres	402
Marzo 2016	22	Huesca	42	Enseñanza superior universitaria	Hombres	316
Marzo 2016	22	Huesca	42	Enseñanza superior universitaria	Mujeres	781
Marzo 2016	44	Teruel	10	Educación Primaria o inferior	Hombres	1363
Marzo 2016	44	Teruel	10	Educación Primaria o inferior	Mujeres	1319
Marzo 2016	44	Teruel	20	Primera etapa de educación secundaria	Hombres	1737
Marzo 2016	44	Teruel	20	Primera etapa de educación secundaria	Mujeres	1601
Marzo 2016	44	Teruel	31	Bachillerato	Hombres	198
Marzo 2016	44	Teruel	31	Bachillerato	Mujeres	231
Marzo 2016	44	Teruel	32	Enseñanza media de formación profesional	Hombres	252
Marzo 2016	44	Teruel	32	Enseñanza media de formación profesional	Mujeres	426
Marzo 2016	44	Teruel	41	Enseñanza superior de formación profesional	Hombres	186
Marzo 2016	44	Teruel	41	Enseñanza superior de formación profesional	Mujeres	268
Marzo 2016	44	Teruel	42	Enseñanza superior universitaria	Hombres	225
Marzo 2016	44	Teruel	42	Enseñanza superior universitaria	Mujeres	499
Marzo 2016	50	Zaragoza	10	Educación Primaria o inferior	Hombres	5667
Marzo 2016	50	Zaragoza	10	Educación Primaria o inferior	Mujeres	6038
Marzo 2016	50	Zaragoza	20	Primera etapa de educación secundaria	Hombres	16760
Marzo 2016	50	Zaragoza	20	Primera etapa de educación secundaria	Mujeres	18706
Marzo 2016	50	Zaragoza	31	Bachillerato	Hombres	2497
Marzo 2016	50	Zaragoza	31	Bachillerato	Mujeres	3288
Marzo 2016	50	Zaragoza	32	Enseñanza media de formación profesional	Hombres	2225
Marzo 2016	50	Zaragoza	32	Enseñanza media de formación profesional	Mujeres	3381
Marzo 2016	50	Zaragoza	41	Enseñanza superior de formación profesional	Hombres	1546
Marzo 2016	50	Zaragoza	41	Enseñanza superior de formación profesional	Mujeres	2491
Marzo 2016	50	Zaragoza	42	Enseñanza superior universitaria	Hombres	2177
Marzo 2016	50	Zaragoza	42	Enseñanza superior universitaria	Mujeres	4691
Febrero 2016	22	Huesca	10	Educación Primaria o inferior	Hombres	1680
Febrero 2016	22	Huesca	10	Educación Primaria o inferior	Mujeres	1764
Febrero 2016	22	Huesca	20	Primera etapa de educación secundaria	Hombres	2756
Febrero 2016	22	Huesca	20	Primera etapa de educación secundaria	Mujeres	2473
Febrero 2016	22	Huesca	31	Bachillerato	Hombres	386
Febrero 2016	22	Huesca	31	Bachillerato	Mujeres	492
Febrero 2016	22	Huesca	32	Enseñanza media de formación profesional	Hombres	324
Febrero 2016	22	Huesca	32	Enseñanza media de formación profesional	Mujeres	501
Febrero 2016	22	Huesca	41	Enseñanza superior de formación profesional	Hombres	251
Febrero 2016	22	Huesca	41	Enseñanza superior de formación profesional	Mujeres	404
Febrero 2016	22	Huesca	42	Enseñanza superior universitaria	Hombres	355
Febrero 2016	22	Huesca	42	Enseñanza superior universitaria	Mujeres	834
Febrero 2016	44	Teruel	10	Educación Primaria o inferior	Hombres	1381
Febrero 2016	44	Teruel	10	Educación Primaria o inferior	Mujeres	1345
Febrero 2016	44	Teruel	20	Primera etapa de educación secundaria	Hombres	1760
Febrero 2016	44	Teruel	20	Primera etapa de educación secundaria	Mujeres	1672
Febrero 2016	44	Teruel	31	Bachillerato	Hombres	198
Febrero 2016	44	Teruel	31	Bachillerato	Mujeres	232
Febrero 2016	44	Teruel	32	Enseñanza media de formación profesional	Hombres	271
Febrero 2016	44	Teruel	32	Enseñanza media de formación profesional	Mujeres	426
Febrero 2016	44	Teruel	41	Enseñanza superior de formación profesional	Hombres	206
Febrero 2016	44	Teruel	41	Enseñanza superior de formación profesional	Mujeres	286
Febrero 2016	44	Teruel	42	Enseñanza superior universitaria	Hombres	223
Febrero 2016	44	Teruel	42	Enseñanza superior universitaria	Mujeres	523
Febrero 2016	50	Zaragoza	10	Educación Primaria o inferior	Hombres	5521
Febrero 2016	50	Zaragoza	10	Educación Primaria o inferior	Mujeres	6015
Febrero 2016	50	Zaragoza	20	Primera etapa de educación secundaria	Hombres	16712
Febrero 2016	50	Zaragoza	20	Primera etapa de educación secundaria	Mujeres	18677
Febrero 2016	50	Zaragoza	31	Bachillerato	Hombres	2576
Febrero 2016	50	Zaragoza	31	Bachillerato	Mujeres	3394
Febrero 2016	50	Zaragoza	32	Enseñanza media de formación profesional	Hombres	2223
Febrero 2016	50	Zaragoza	32	Enseñanza media de formación profesional	Mujeres	3504
Febrero 2016	50	Zaragoza	41	Enseñanza superior de formación profesional	Hombres	1577
Febrero 2016	50	Zaragoza	41	Enseñanza superior de formación profesional	Mujeres	2550
Febrero 2016	50	Zaragoza	42	Enseñanza superior universitaria	Hombres	2243
Febrero 2016	50	Zaragoza	42	Enseñanza superior universitaria	Mujeres	4947
Enero 2016	22	Huesca	10	Educación Primaria o inferior	Hombres	1646
Enero 2016	22	Huesca	10	Educación Primaria o inferior	Mujeres	1728
Enero 2016	22	Huesca	20	Primera etapa de educación secundaria	Hombres	2763
Enero 2016	22	Huesca	20	Primera etapa de educación secundaria	Mujeres	2479
Enero 2016	22	Huesca	31	Bachillerato	Hombres	416
Enero 2016	22	Huesca	31	Bachillerato	Mujeres	529
Enero 2016	22	Huesca	32	Enseñanza media de formación profesional	Hombres	330
Enero 2016	22	Huesca	32	Enseñanza media de formación profesional	Mujeres	516
Enero 2016	22	Huesca	41	Enseñanza superior de formación profesional	Hombres	264
Enero 2016	22	Huesca	41	Enseñanza superior de formación profesional	Mujeres	409
Enero 2016	22	Huesca	42	Enseñanza superior universitaria	Hombres	373
Enero 2016	22	Huesca	42	Enseñanza superior universitaria	Mujeres	853
Enero 2016	44	Teruel	10	Educación Primaria o inferior	Hombres	1424
Enero 2016	44	Teruel	10	Educación Primaria o inferior	Mujeres	1354
Enero 2016	44	Teruel	20	Primera etapa de educación secundaria	Hombres	1785
Enero 2016	44	Teruel	20	Primera etapa de educación secundaria	Mujeres	1700
Enero 2016	44	Teruel	31	Bachillerato	Hombres	217
Enero 2016	44	Teruel	31	Bachillerato	Mujeres	239
Enero 2016	44	Teruel	32	Enseñanza media de formación profesional	Hombres	296
Enero 2016	44	Teruel	32	Enseñanza media de formación profesional	Mujeres	423
Enero 2016	44	Teruel	41	Enseñanza superior de formación profesional	Hombres	209
Enero 2016	44	Teruel	41	Enseñanza superior de formación profesional	Mujeres	284
Enero 2016	44	Teruel	42	Enseñanza superior universitaria	Hombres	230
Enero 2016	44	Teruel	42	Enseñanza superior universitaria	Mujeres	551
Enero 2016	50	Zaragoza	10	Educación Primaria o inferior	Hombres	5423
Enero 2016	50	Zaragoza	10	Educación Primaria o inferior	Mujeres	5936
Enero 2016	50	Zaragoza	20	Primera etapa de educación secundaria	Hombres	16733
Enero 2016	50	Zaragoza	20	Primera etapa de educación secundaria	Mujeres	18802
Enero 2016	50	Zaragoza	31	Bachillerato	Hombres	2632
Enero 2016	50	Zaragoza	31	Bachillerato	Mujeres	3438
Enero 2016	50	Zaragoza	32	Enseñanza media de formación profesional	Hombres	2222
Enero 2016	50	Zaragoza	32	Enseñanza media de formación profesional	Mujeres	3504
Enero 2016	50	Zaragoza	41	Enseñanza superior de formación profesional	Hombres	1604
Enero 2016	50	Zaragoza	41	Enseñanza superior de formación profesional	Mujeres	2599
Enero 2016	50	Zaragoza	42	Enseñanza superior universitaria	Hombres	2348
Enero 2016	50	Zaragoza	42	Enseñanza superior universitaria	Mujeres	5086
Diciembre 2015	22	Huesca	10	Educación Primaria o inferior	Hombres	1620
Diciembre 2015	22	Huesca	10	Educación Primaria o inferior	Mujeres	1748
Diciembre 2015	22	Huesca	20	Primera etapa de educación secundaria	Hombres	2654
Diciembre 2015	22	Huesca	20	Primera etapa de educación secundaria	Mujeres	2415
Diciembre 2015	22	Huesca	31	Bachillerato	Hombres	415
Diciembre 2015	22	Huesca	31	Bachillerato	Mujeres	506
Diciembre 2015	22	Huesca	32	Enseñanza media de formación profesional	Hombres	299
Diciembre 2015	22	Huesca	32	Enseñanza media de formación profesional	Mujeres	483
Diciembre 2015	22	Huesca	41	Enseñanza superior de formación profesional	Hombres	252
Diciembre 2015	22	Huesca	41	Enseñanza superior de formación profesional	Mujeres	385
Diciembre 2015	22	Huesca	42	Enseñanza superior universitaria	Hombres	362
Diciembre 2015	22	Huesca	42	Enseñanza superior universitaria	Mujeres	788
Diciembre 2015	44	Teruel	10	Educación Primaria o inferior	Hombres	1411
Diciembre 2015	44	Teruel	10	Educación Primaria o inferior	Mujeres	1313
Diciembre 2015	44	Teruel	20	Primera etapa de educación secundaria	Hombres	1733
Diciembre 2015	44	Teruel	20	Primera etapa de educación secundaria	Mujeres	1647
Diciembre 2015	44	Teruel	31	Bachillerato	Hombres	200
Diciembre 2015	44	Teruel	31	Bachillerato	Mujeres	217
Diciembre 2015	44	Teruel	32	Enseñanza media de formación profesional	Hombres	276
Diciembre 2015	44	Teruel	32	Enseñanza media de formación profesional	Mujeres	393
Diciembre 2015	44	Teruel	41	Enseñanza superior de formación profesional	Hombres	208
Diciembre 2015	44	Teruel	41	Enseñanza superior de formación profesional	Mujeres	268
Diciembre 2015	44	Teruel	42	Enseñanza superior universitaria	Hombres	226
Diciembre 2015	44	Teruel	42	Enseñanza superior universitaria	Mujeres	504
Diciembre 2015	50	Zaragoza	10	Educación Primaria o inferior	Hombres	5502
Diciembre 2015	50	Zaragoza	10	Educación Primaria o inferior	Mujeres	5964
Diciembre 2015	50	Zaragoza	20	Primera etapa de educación secundaria	Hombres	16713
Diciembre 2015	50	Zaragoza	20	Primera etapa de educación secundaria	Mujeres	18286
Diciembre 2015	50	Zaragoza	31	Bachillerato	Hombres	2609
Diciembre 2015	50	Zaragoza	31	Bachillerato	Mujeres	3371
Diciembre 2015	50	Zaragoza	32	Enseñanza media de formación profesional	Hombres	2240
Diciembre 2015	50	Zaragoza	32	Enseñanza media de formación profesional	Mujeres	3168
Diciembre 2015	50	Zaragoza	41	Enseñanza superior de formación profesional	Hombres	1600
Diciembre 2015	50	Zaragoza	41	Enseñanza superior de formación profesional	Mujeres	2440
Diciembre 2015	50	Zaragoza	42	Enseñanza superior universitaria	Hombres	2272
Diciembre 2015	50	Zaragoza	42	Enseñanza superior universitaria	Mujeres	4796
Noviembre 2015	22	Huesca	10	Educación Primaria o inferior	Hombres	1709
Noviembre 2015	22	Huesca	10	Educación Primaria o inferior	Mujeres	1814
Noviembre 2015	22	Huesca	20	Primera etapa de educación secundaria	Hombres	2735
Noviembre 2015	22	Huesca	20	Primera etapa de educación secundaria	Mujeres	2588
Noviembre 2015	22	Huesca	31	Bachillerato	Hombres	433
Noviembre 2015	22	Huesca	31	Bachillerato	Mujeres	548
Noviembre 2015	22	Huesca	32	Enseñanza media de formación profesional	Hombres	329
Noviembre 2015	22	Huesca	32	Enseñanza media de formación profesional	Mujeres	534
Noviembre 2015	22	Huesca	41	Enseñanza superior de formación profesional	Hombres	270
Noviembre 2015	22	Huesca	41	Enseñanza superior de formación profesional	Mujeres	436
Noviembre 2015	22	Huesca	42	Enseñanza superior universitaria	Hombres	389
Noviembre 2015	22	Huesca	42	Enseñanza superior universitaria	Mujeres	881
Noviembre 2015	44	Teruel	10	Educación Primaria o inferior	Hombres	1370
Noviembre 2015	44	Teruel	10	Educación Primaria o inferior	Mujeres	1404
Noviembre 2015	44	Teruel	20	Primera etapa de educación secundaria	Hombres	1705
Noviembre 2015	44	Teruel	20	Primera etapa de educación secundaria	Mujeres	1712
Noviembre 2015	44	Teruel	31	Bachillerato	Hombres	198
Noviembre 2015	44	Teruel	31	Bachillerato	Mujeres	238
Noviembre 2015	44	Teruel	32	Enseñanza media de formación profesional	Hombres	280
Noviembre 2015	44	Teruel	32	Enseñanza media de formación profesional	Mujeres	442
Noviembre 2015	44	Teruel	41	Enseñanza superior de formación profesional	Hombres	200
Noviembre 2015	44	Teruel	41	Enseñanza superior de formación profesional	Mujeres	295
Noviembre 2015	44	Teruel	42	Enseñanza superior universitaria	Hombres	223
Noviembre 2015	44	Teruel	42	Enseñanza superior universitaria	Mujeres	552
Noviembre 2015	50	Zaragoza	10	Educación Primaria o inferior	Hombres	5487
Noviembre 2015	50	Zaragoza	10	Educación Primaria o inferior	Mujeres	6117
Noviembre 2015	50	Zaragoza	20	Primera etapa de educación secundaria	Hombres	16495
Noviembre 2015	50	Zaragoza	20	Primera etapa de educación secundaria	Mujeres	18681
Noviembre 2015	50	Zaragoza	31	Bachillerato	Hombres	2658
Noviembre 2015	50	Zaragoza	31	Bachillerato	Mujeres	3457
Noviembre 2015	50	Zaragoza	32	Enseñanza media de formación profesional	Hombres	2187
Noviembre 2015	50	Zaragoza	32	Enseñanza media de formación profesional	Mujeres	3433
Noviembre 2015	50	Zaragoza	41	Enseñanza superior de formación profesional	Hombres	1580
Noviembre 2015	50	Zaragoza	41	Enseñanza superior de formación profesional	Mujeres	2514
Noviembre 2015	50	Zaragoza	42	Enseñanza superior universitaria	Hombres	2246
Noviembre 2015	50	Zaragoza	42	Enseñanza superior universitaria	Mujeres	4979
Octubre 2015	22	Huesca	10	Educación Primaria o inferior	Hombres	1855
Octubre 2015	22	Huesca	10	Educación Primaria o inferior	Mujeres	1814
Octubre 2015	22	Huesca	20	Primera etapa de educación secundaria	Hombres	2776
Octubre 2015	22	Huesca	20	Primera etapa de educación secundaria	Mujeres	2547
Octubre 2015	22	Huesca	31	Bachillerato	Hombres	421
Octubre 2015	22	Huesca	31	Bachillerato	Mujeres	548
Octubre 2015	22	Huesca	32	Enseñanza media de formación profesional	Hombres	323
Octubre 2015	22	Huesca	32	Enseñanza media de formación profesional	Mujeres	535
Octubre 2015	22	Huesca	41	Enseñanza superior de formación profesional	Hombres	279
Octubre 2015	22	Huesca	41	Enseñanza superior de formación profesional	Mujeres	458
Octubre 2015	22	Huesca	42	Enseñanza superior universitaria	Hombres	417
Octubre 2015	22	Huesca	42	Enseñanza superior universitaria	Mujeres	899
Octubre 2015	44	Teruel	10	Educación Primaria o inferior	Hombres	1312
Octubre 2015	44	Teruel	10	Educación Primaria o inferior	Mujeres	1298
Octubre 2015	44	Teruel	20	Primera etapa de educación secundaria	Hombres	1671
Octubre 2015	44	Teruel	20	Primera etapa de educación secundaria	Mujeres	1702
Octubre 2015	44	Teruel	31	Bachillerato	Hombres	175
Octubre 2015	44	Teruel	31	Bachillerato	Mujeres	250
Octubre 2015	44	Teruel	32	Enseñanza media de formación profesional	Hombres	255
Octubre 2015	44	Teruel	32	Enseñanza media de formación profesional	Mujeres	444
Octubre 2015	44	Teruel	41	Enseñanza superior de formación profesional	Hombres	201
Octubre 2015	44	Teruel	41	Enseñanza superior de formación profesional	Mujeres	314
Octubre 2015	44	Teruel	42	Enseñanza superior universitaria	Hombres	224
Octubre 2015	44	Teruel	42	Enseñanza superior universitaria	Mujeres	552
Octubre 2015	50	Zaragoza	10	Educación Primaria o inferior	Hombres	5542
Octubre 2015	50	Zaragoza	10	Educación Primaria o inferior	Mujeres	5996
Octubre 2015	50	Zaragoza	20	Primera etapa de educación secundaria	Hombres	16558
Octubre 2015	50	Zaragoza	20	Primera etapa de educación secundaria	Mujeres	18617
Octubre 2015	50	Zaragoza	31	Bachillerato	Hombres	2678
Octubre 2015	50	Zaragoza	31	Bachillerato	Mujeres	3541
Octubre 2015	50	Zaragoza	32	Enseñanza media de formación profesional	Hombres	2258
Octubre 2015	50	Zaragoza	32	Enseñanza media de formación profesional	Mujeres	3507
Octubre 2015	50	Zaragoza	41	Enseñanza superior de formación profesional	Hombres	1638
Octubre 2015	50	Zaragoza	41	Enseñanza superior de formación profesional	Mujeres	2622
Octubre 2015	50	Zaragoza	42	Enseñanza superior universitaria	Hombres	2373
Octubre 2015	50	Zaragoza	42	Enseñanza superior universitaria	Mujeres	5217
Septiembre 2015	22	Huesca	10	Educación Primaria o inferior	Hombres	1792
Septiembre 2015	22	Huesca	10	Educación Primaria o inferior	Mujeres	1666
Septiembre 2015	22	Huesca	20	Primera etapa de educación secundaria	Hombres	2762
Septiembre 2015	22	Huesca	20	Primera etapa de educación secundaria	Mujeres	2417
Septiembre 2015	22	Huesca	31	Bachillerato	Hombres	436
Septiembre 2015	22	Huesca	31	Bachillerato	Mujeres	556
Septiembre 2015	22	Huesca	32	Enseñanza media de formación profesional	Hombres	317
Septiembre 2015	22	Huesca	32	Enseñanza media de formación profesional	Mujeres	508
Septiembre 2015	22	Huesca	41	Enseñanza superior de formación profesional	Hombres	273
Septiembre 2015	22	Huesca	41	Enseñanza superior de formación profesional	Mujeres	462
Septiembre 2015	22	Huesca	42	Enseñanza superior universitaria	Hombres	403
Septiembre 2015	22	Huesca	42	Enseñanza superior universitaria	Mujeres	948
Septiembre 2015	44	Teruel	10	Educación Primaria o inferior	Hombres	1210
Septiembre 2015	44	Teruel	10	Educación Primaria o inferior	Mujeres	1218
Septiembre 2015	44	Teruel	20	Primera etapa de educación secundaria	Hombres	1590
Septiembre 2015	44	Teruel	20	Primera etapa de educación secundaria	Mujeres	1607
Septiembre 2015	44	Teruel	31	Bachillerato	Hombres	186
Septiembre 2015	44	Teruel	31	Bachillerato	Mujeres	262
Septiembre 2015	44	Teruel	32	Enseñanza media de formación profesional	Hombres	235
Septiembre 2015	44	Teruel	32	Enseñanza media de formación profesional	Mujeres	391
Septiembre 2015	44	Teruel	41	Enseñanza superior de formación profesional	Hombres	189
Septiembre 2015	44	Teruel	41	Enseñanza superior de formación profesional	Mujeres	294
Septiembre 2015	44	Teruel	42	Enseñanza superior universitaria	Hombres	221
Septiembre 2015	44	Teruel	42	Enseñanza superior universitaria	Mujeres	539
Septiembre 2015	50	Zaragoza	10	Educación Primaria o inferior	Hombres	5163
Septiembre 2015	50	Zaragoza	10	Educación Primaria o inferior	Mujeres	5742
Septiembre 2015	50	Zaragoza	20	Primera etapa de educación secundaria	Hombres	16164
Septiembre 2015	50	Zaragoza	20	Primera etapa de educación secundaria	Mujeres	18459
Septiembre 2015	50	Zaragoza	31	Bachillerato	Hombres	2781
Septiembre 2015	50	Zaragoza	31	Bachillerato	Mujeres	3681
Septiembre 2015	50	Zaragoza	32	Enseñanza media de formación profesional	Hombres	2278
Septiembre 2015	50	Zaragoza	32	Enseñanza media de formación profesional	Mujeres	3427
Septiembre 2015	50	Zaragoza	41	Enseñanza superior de formación profesional	Hombres	1688
Septiembre 2015	50	Zaragoza	41	Enseñanza superior de formación profesional	Mujeres	2641
Septiembre 2015	50	Zaragoza	42	Enseñanza superior universitaria	Hombres	2500
Septiembre 2015	50	Zaragoza	42	Enseñanza superior universitaria	Mujeres	5420
Agosto 2015	22	Huesca	10	Educación Primaria o inferior	Hombres	1553
Agosto 2015	22	Huesca	10	Educación Primaria o inferior	Mujeres	1404
Agosto 2015	22	Huesca	20	Primera etapa de educación secundaria	Hombres	2587
Agosto 2015	22	Huesca	20	Primera etapa de educación secundaria	Mujeres	2287
Agosto 2015	22	Huesca	31	Bachillerato	Hombres	440
Agosto 2015	22	Huesca	31	Bachillerato	Mujeres	547
Agosto 2015	22	Huesca	32	Enseñanza media de formación profesional	Hombres	293
Agosto 2015	22	Huesca	32	Enseñanza media de formación profesional	Mujeres	476
Agosto 2015	22	Huesca	41	Enseñanza superior de formación profesional	Hombres	250
Agosto 2015	22	Huesca	41	Enseñanza superior de formación profesional	Mujeres	424
Agosto 2015	22	Huesca	42	Enseñanza superior universitaria	Hombres	498
Agosto 2015	22	Huesca	42	Enseñanza superior universitaria	Mujeres	1338
Agosto 2015	44	Teruel	10	Educación Primaria o inferior	Hombres	1287
Agosto 2015	44	Teruel	10	Educación Primaria o inferior	Mujeres	1181
Agosto 2015	44	Teruel	20	Primera etapa de educación secundaria	Hombres	1644
Agosto 2015	44	Teruel	20	Primera etapa de educación secundaria	Mujeres	1560
Agosto 2015	44	Teruel	31	Bachillerato	Hombres	198
Agosto 2015	44	Teruel	31	Bachillerato	Mujeres	277
Agosto 2015	44	Teruel	32	Enseñanza media de formación profesional	Hombres	232
Agosto 2015	44	Teruel	32	Enseñanza media de formación profesional	Mujeres	386
Agosto 2015	44	Teruel	41	Enseñanza superior de formación profesional	Hombres	174
Agosto 2015	44	Teruel	41	Enseñanza superior de formación profesional	Mujeres	304
Agosto 2015	44	Teruel	42	Enseñanza superior universitaria	Hombres	339
Agosto 2015	44	Teruel	42	Enseñanza superior universitaria	Mujeres	842
Agosto 2015	50	Zaragoza	10	Educación Primaria o inferior	Hombres	5104
Agosto 2015	50	Zaragoza	10	Educación Primaria o inferior	Mujeres	5564
Agosto 2015	50	Zaragoza	20	Primera etapa de educación secundaria	Hombres	16189
Agosto 2015	50	Zaragoza	20	Primera etapa de educación secundaria	Mujeres	18039
Agosto 2015	50	Zaragoza	31	Bachillerato	Hombres	2865
Agosto 2015	50	Zaragoza	31	Bachillerato	Mujeres	3804
Agosto 2015	50	Zaragoza	32	Enseñanza media de formación profesional	Hombres	2336
Agosto 2015	50	Zaragoza	32	Enseñanza media de formación profesional	Mujeres	3290
Agosto 2015	50	Zaragoza	41	Enseñanza superior de formación profesional	Hombres	1755
Agosto 2015	50	Zaragoza	41	Enseñanza superior de formación profesional	Mujeres	2724
Agosto 2015	50	Zaragoza	42	Enseñanza superior universitaria	Hombres	3098
Agosto 2015	50	Zaragoza	42	Enseñanza superior universitaria	Mujeres	7211
Julio 2015	22	Huesca	10	Educación Primaria o inferior	Hombres	1476
Julio 2015	22	Huesca	10	Educación Primaria o inferior	Mujeres	1422
Julio 2015	22	Huesca	20	Primera etapa de educación secundaria	Hombres	2618
Julio 2015	22	Huesca	20	Primera etapa de educación secundaria	Mujeres	2280
Julio 2015	22	Huesca	31	Bachillerato	Hombres	438
Julio 2015	22	Huesca	31	Bachillerato	Mujeres	520
Julio 2015	22	Huesca	32	Enseñanza media de formación profesional	Hombres	284
Julio 2015	22	Huesca	32	Enseñanza media de formación profesional	Mujeres	477
Julio 2015	22	Huesca	41	Enseñanza superior de formación profesional	Hombres	257
Julio 2015	22	Huesca	41	Enseñanza superior de formación profesional	Mujeres	378
Julio 2015	22	Huesca	42	Enseñanza superior universitaria	Hombres	435
Julio 2015	22	Huesca	42	Enseñanza superior universitaria	Mujeres	1151
Julio 2015	44	Teruel	10	Educación Primaria o inferior	Hombres	1227
Julio 2015	44	Teruel	10	Educación Primaria o inferior	Mujeres	1198
Julio 2015	44	Teruel	20	Primera etapa de educación secundaria	Hombres	1684
Julio 2015	44	Teruel	20	Primera etapa de educación secundaria	Mujeres	1594
Julio 2015	44	Teruel	31	Bachillerato	Hombres	198
Julio 2015	44	Teruel	31	Bachillerato	Mujeres	259
Julio 2015	44	Teruel	32	Enseñanza media de formación profesional	Hombres	234
Julio 2015	44	Teruel	32	Enseñanza media de formación profesional	Mujeres	410
Julio 2015	44	Teruel	41	Enseñanza superior de formación profesional	Hombres	178
Julio 2015	44	Teruel	41	Enseñanza superior de formación profesional	Mujeres	288
Julio 2015	44	Teruel	42	Enseñanza superior universitaria	Hombres	287
Julio 2015	44	Teruel	42	Enseñanza superior universitaria	Mujeres	721
Julio 2015	50	Zaragoza	10	Educación Primaria o inferior	Hombres	5316
Julio 2015	50	Zaragoza	10	Educación Primaria o inferior	Mujeres	5725
Julio 2015	50	Zaragoza	20	Primera etapa de educación secundaria	Hombres	16562
Julio 2015	50	Zaragoza	20	Primera etapa de educación secundaria	Mujeres	18211
Julio 2015	50	Zaragoza	31	Bachillerato	Hombres	2851
Julio 2015	50	Zaragoza	31	Bachillerato	Mujeres	3735
Julio 2015	50	Zaragoza	32	Enseñanza media de formación profesional	Hombres	2349
Julio 2015	50	Zaragoza	32	Enseñanza media de formación profesional	Mujeres	3341
Julio 2015	50	Zaragoza	41	Enseñanza superior de formación profesional	Hombres	1719
Julio 2015	50	Zaragoza	41	Enseñanza superior de formación profesional	Mujeres	2639
Julio 2015	50	Zaragoza	42	Enseñanza superior universitaria	Hombres	2851
Julio 2015	50	Zaragoza	42	Enseñanza superior universitaria	Mujeres	6491
Junio 2015	22	Huesca	10	Educación Primaria o inferior	Hombres	1625
Junio 2015	22	Huesca	10	Educación Primaria o inferior	Mujeres	1514
Junio 2015	22	Huesca	20	Primera etapa de educación secundaria	Hombres	2862
Junio 2015	22	Huesca	20	Primera etapa de educación secundaria	Mujeres	2441
Junio 2015	22	Huesca	31	Bachillerato	Hombres	465
Junio 2015	22	Huesca	31	Bachillerato	Mujeres	555
Junio 2015	22	Huesca	32	Enseñanza media de formación profesional	Hombres	311
Junio 2015	22	Huesca	32	Enseñanza media de formación profesional	Mujeres	533
Junio 2015	22	Huesca	41	Enseñanza superior de formación profesional	Hombres	278
Junio 2015	22	Huesca	41	Enseñanza superior de formación profesional	Mujeres	412
Junio 2015	22	Huesca	42	Enseñanza superior universitaria	Hombres	370
Junio 2015	22	Huesca	42	Enseñanza superior universitaria	Mujeres	891
Junio 2015	44	Teruel	10	Educación Primaria o inferior	Hombres	1271
Junio 2015	44	Teruel	10	Educación Primaria o inferior	Mujeres	1257
Junio 2015	44	Teruel	20	Primera etapa de educación secundaria	Hombres	1841
Junio 2015	44	Teruel	20	Primera etapa de educación secundaria	Mujeres	1742
Junio 2015	44	Teruel	31	Bachillerato	Hombres	192
Junio 2015	44	Teruel	31	Bachillerato	Mujeres	267
Junio 2015	44	Teruel	32	Enseñanza media de formación profesional	Hombres	278
Junio 2015	44	Teruel	32	Enseñanza media de formación profesional	Mujeres	461
Junio 2015	44	Teruel	41	Enseñanza superior de formación profesional	Hombres	180
Junio 2015	44	Teruel	41	Enseñanza superior de formación profesional	Mujeres	301
Junio 2015	44	Teruel	42	Enseñanza superior universitaria	Hombres	216
Junio 2015	44	Teruel	42	Enseñanza superior universitaria	Mujeres	560
Junio 2015	50	Zaragoza	10	Educación Primaria o inferior	Hombres	5322
Junio 2015	50	Zaragoza	10	Educación Primaria o inferior	Mujeres	5761
Junio 2015	50	Zaragoza	20	Primera etapa de educación secundaria	Hombres	17307
Junio 2015	50	Zaragoza	20	Primera etapa de educación secundaria	Mujeres	18934
Junio 2015	50	Zaragoza	31	Bachillerato	Hombres	2876
Junio 2015	50	Zaragoza	31	Bachillerato	Mujeres	3665
Junio 2015	50	Zaragoza	32	Enseñanza media de formación profesional	Hombres	2479
Junio 2015	50	Zaragoza	32	Enseñanza media de formación profesional	Mujeres	3569
Junio 2015	50	Zaragoza	41	Enseñanza superior de formación profesional	Hombres	1773
Junio 2015	50	Zaragoza	41	Enseñanza superior de formación profesional	Mujeres	2658
Junio 2015	50	Zaragoza	42	Enseñanza superior universitaria	Hombres	2391
Junio 2015	50	Zaragoza	42	Enseñanza superior universitaria	Mujeres	5271
Mayo 2015	22	Huesca	10	Educación Primaria o inferior	Hombres	1623
Mayo 2015	22	Huesca	10	Educación Primaria o inferior	Mujeres	1619
Mayo 2015	22	Huesca	20	Primera etapa de educación secundaria	Hombres	2885
Mayo 2015	22	Huesca	20	Primera etapa de educación secundaria	Mujeres	2581
Mayo 2015	22	Huesca	31	Bachillerato	Hombres	478
Mayo 2015	22	Huesca	31	Bachillerato	Mujeres	563
Mayo 2015	22	Huesca	32	Enseñanza media de formación profesional	Hombres	334
Mayo 2015	22	Huesca	32	Enseñanza media de formación profesional	Mujeres	534
Mayo 2015	22	Huesca	41	Enseñanza superior de formación profesional	Hombres	283
Mayo 2015	22	Huesca	41	Enseñanza superior de formación profesional	Mujeres	439
Mayo 2015	22	Huesca	42	Enseñanza superior universitaria	Hombres	363
Mayo 2015	22	Huesca	42	Enseñanza superior universitaria	Mujeres	915
Mayo 2015	44	Teruel	10	Educación Primaria o inferior	Hombres	1269
Mayo 2015	44	Teruel	10	Educación Primaria o inferior	Mujeres	1277
Mayo 2015	44	Teruel	20	Primera etapa de educación secundaria	Hombres	1921
Mayo 2015	44	Teruel	20	Primera etapa de educación secundaria	Mujeres	1770
Mayo 2015	44	Teruel	31	Bachillerato	Hombres	200
Mayo 2015	44	Teruel	31	Bachillerato	Mujeres	273
Mayo 2015	44	Teruel	32	Enseñanza media de formación profesional	Hombres	262
Mayo 2015	44	Teruel	32	Enseñanza media de formación profesional	Mujeres	472
Mayo 2015	44	Teruel	41	Enseñanza superior de formación profesional	Hombres	190
Mayo 2015	44	Teruel	41	Enseñanza superior de formación profesional	Mujeres	315
Mayo 2015	44	Teruel	42	Enseñanza superior universitaria	Hombres	225
Mayo 2015	44	Teruel	42	Enseñanza superior universitaria	Mujeres	574
Mayo 2015	50	Zaragoza	10	Educación Primaria o inferior	Hombres	5551
Mayo 2015	50	Zaragoza	10	Educación Primaria o inferior	Mujeres	5999
Mayo 2015	50	Zaragoza	20	Primera etapa de educación secundaria	Hombres	18171
Mayo 2015	50	Zaragoza	20	Primera etapa de educación secundaria	Mujeres	19406
Mayo 2015	50	Zaragoza	31	Bachillerato	Hombres	2956
Mayo 2015	50	Zaragoza	31	Bachillerato	Mujeres	3698
Mayo 2015	50	Zaragoza	32	Enseñanza media de formación profesional	Hombres	2530
Mayo 2015	50	Zaragoza	32	Enseñanza media de formación profesional	Mujeres	3738
Mayo 2015	50	Zaragoza	41	Enseñanza superior de formación profesional	Hombres	1762
Mayo 2015	50	Zaragoza	41	Enseñanza superior de formación profesional	Mujeres	2699
Mayo 2015	50	Zaragoza	42	Enseñanza superior universitaria	Hombres	2484
Mayo 2015	50	Zaragoza	42	Enseñanza superior universitaria	Mujeres	5188
Abril 2015	22	Huesca	10	Educación Primaria o inferior	Hombres	1980
Abril 2015	22	Huesca	10	Educación Primaria o inferior	Mujeres	1769
Abril 2015	22	Huesca	20	Primera etapa de educación secundaria	Hombres	3043
Abril 2015	22	Huesca	20	Primera etapa de educación secundaria	Mujeres	2584
Abril 2015	22	Huesca	31	Bachillerato	Hombres	478
Abril 2015	22	Huesca	31	Bachillerato	Mujeres	548
Abril 2015	22	Huesca	32	Enseñanza media de formación profesional	Hombres	351
Abril 2015	22	Huesca	32	Enseñanza media de formación profesional	Mujeres	560
Abril 2015	22	Huesca	41	Enseñanza superior de formación profesional	Hombres	303
Abril 2015	22	Huesca	41	Enseñanza superior de formación profesional	Mujeres	440
Abril 2015	22	Huesca	42	Enseñanza superior universitaria	Hombres	372
Abril 2015	22	Huesca	42	Enseñanza superior universitaria	Mujeres	933
Abril 2015	44	Teruel	10	Educación Primaria o inferior	Hombres	1457
Abril 2015	44	Teruel	10	Educación Primaria o inferior	Mujeres	1390
Abril 2015	44	Teruel	20	Primera etapa de educación secundaria	Hombres	2053
Abril 2015	44	Teruel	20	Primera etapa de educación secundaria	Mujeres	1825
Abril 2015	44	Teruel	31	Bachillerato	Hombres	200
Abril 2015	44	Teruel	31	Bachillerato	Mujeres	269
Abril 2015	44	Teruel	32	Enseñanza media de formación profesional	Hombres	294
Abril 2015	44	Teruel	32	Enseñanza media de formación profesional	Mujeres	484
Abril 2015	44	Teruel	41	Enseñanza superior de formación profesional	Hombres	200
Abril 2015	44	Teruel	41	Enseñanza superior de formación profesional	Mujeres	303
Abril 2015	44	Teruel	42	Enseñanza superior universitaria	Hombres	227
Abril 2015	44	Teruel	42	Enseñanza superior universitaria	Mujeres	567
Abril 2015	50	Zaragoza	10	Educación Primaria o inferior	Hombres	6312
Abril 2015	50	Zaragoza	10	Educación Primaria o inferior	Mujeres	6311
Abril 2015	50	Zaragoza	20	Primera etapa de educación secundaria	Hombres	19265
Abril 2015	50	Zaragoza	20	Primera etapa de educación secundaria	Mujeres	19602
Abril 2015	50	Zaragoza	31	Bachillerato	Hombres	3043
Abril 2015	50	Zaragoza	31	Bachillerato	Mujeres	3760
Abril 2015	50	Zaragoza	32	Enseñanza media de formación profesional	Hombres	2601
Abril 2015	50	Zaragoza	32	Enseñanza media de formación profesional	Mujeres	3822
Abril 2015	50	Zaragoza	41	Enseñanza superior de formación profesional	Hombres	1843
Abril 2015	50	Zaragoza	41	Enseñanza superior de formación profesional	Mujeres	2741
Abril 2015	50	Zaragoza	42	Enseñanza superior universitaria	Hombres	2482
Abril 2015	50	Zaragoza	42	Enseñanza superior universitaria	Mujeres	5226
Marzo 2015	22	Huesca	10	Educación Primaria o inferior	Hombres	2121
Marzo 2015	22	Huesca	10	Educación Primaria o inferior	Mujeres	1852
Marzo 2015	22	Huesca	20	Primera etapa de educación secundaria	Hombres	3128
Marzo 2015	22	Huesca	20	Primera etapa de educación secundaria	Mujeres	2622
Marzo 2015	22	Huesca	31	Bachillerato	Hombres	467
Marzo 2015	22	Huesca	31	Bachillerato	Mujeres	533
Marzo 2015	22	Huesca	32	Enseñanza media de formación profesional	Hombres	361
Marzo 2015	22	Huesca	32	Enseñanza media de formación profesional	Mujeres	566
Marzo 2015	22	Huesca	41	Enseñanza superior de formación profesional	Hombres	283
Marzo 2015	22	Huesca	41	Enseñanza superior de formación profesional	Mujeres	417
Marzo 2015	22	Huesca	42	Enseñanza superior universitaria	Hombres	379
Marzo 2015	22	Huesca	42	Enseñanza superior universitaria	Mujeres	909
Marzo 2015	44	Teruel	10	Educación Primaria o inferior	Hombres	1564
Marzo 2015	44	Teruel	10	Educación Primaria o inferior	Mujeres	1439
Marzo 2015	44	Teruel	20	Primera etapa de educación secundaria	Hombres	2151
Marzo 2015	44	Teruel	20	Primera etapa de educación secundaria	Mujeres	1929
Marzo 2015	44	Teruel	31	Bachillerato	Hombres	208
Marzo 2015	44	Teruel	31	Bachillerato	Mujeres	267
Marzo 2015	44	Teruel	32	Enseñanza media de formación profesional	Hombres	315
Marzo 2015	44	Teruel	32	Enseñanza media de formación profesional	Mujeres	490
Marzo 2015	44	Teruel	41	Enseñanza superior de formación profesional	Hombres	212
Marzo 2015	44	Teruel	41	Enseñanza superior de formación profesional	Mujeres	334
Marzo 2015	44	Teruel	42	Enseñanza superior universitaria	Hombres	242
Marzo 2015	44	Teruel	42	Enseñanza superior universitaria	Mujeres	605
Marzo 2015	50	Zaragoza	10	Educación Primaria o inferior	Hombres	6650
Marzo 2015	50	Zaragoza	10	Educación Primaria o inferior	Mujeres	6467
Marzo 2015	50	Zaragoza	20	Primera etapa de educación secundaria	Hombres	20084
Marzo 2015	50	Zaragoza	20	Primera etapa de educación secundaria	Mujeres	19882
Marzo 2015	50	Zaragoza	31	Bachillerato	Hombres	3073
Marzo 2015	50	Zaragoza	31	Bachillerato	Mujeres	3811
Marzo 2015	50	Zaragoza	32	Enseñanza media de formación profesional	Hombres	2675
Marzo 2015	50	Zaragoza	32	Enseñanza media de formación profesional	Mujeres	3890
Marzo 2015	50	Zaragoza	41	Enseñanza superior de formación profesional	Hombres	1843
Marzo 2015	50	Zaragoza	41	Enseñanza superior de formación profesional	Mujeres	2731
Marzo 2015	50	Zaragoza	42	Enseñanza superior universitaria	Hombres	2511
Marzo 2015	50	Zaragoza	42	Enseñanza superior universitaria	Mujeres	5357
Febrero 2015	22	Huesca	10	Educación Primaria o inferior	Hombres	2156
Febrero 2015	22	Huesca	10	Educación Primaria o inferior	Mujeres	1953
Febrero 2015	22	Huesca	20	Primera etapa de educación secundaria	Hombres	3245
Febrero 2015	22	Huesca	20	Primera etapa de educación secundaria	Mujeres	2711
Febrero 2015	22	Huesca	31	Bachillerato	Hombres	470
Febrero 2015	22	Huesca	31	Bachillerato	Mujeres	565
Febrero 2015	22	Huesca	32	Enseñanza media de formación profesional	Hombres	379
Febrero 2015	22	Huesca	32	Enseñanza media de formación profesional	Mujeres	568
Febrero 2015	22	Huesca	41	Enseñanza superior de formación profesional	Hombres	303
Febrero 2015	22	Huesca	41	Enseñanza superior de formación profesional	Mujeres	449
Febrero 2015	22	Huesca	42	Enseñanza superior universitaria	Hombres	382
Febrero 2015	22	Huesca	42	Enseñanza superior universitaria	Mujeres	953
Febrero 2015	44	Teruel	10	Educación Primaria o inferior	Hombres	1654
Febrero 2015	44	Teruel	10	Educación Primaria o inferior	Mujeres	1455
Febrero 2015	44	Teruel	20	Primera etapa de educación secundaria	Hombres	2259
Febrero 2015	44	Teruel	20	Primera etapa de educación secundaria	Mujeres	1954
Febrero 2015	44	Teruel	31	Bachillerato	Hombres	207
Febrero 2015	44	Teruel	31	Bachillerato	Mujeres	264
Febrero 2015	44	Teruel	32	Enseñanza media de formación profesional	Hombres	331
Febrero 2015	44	Teruel	32	Enseñanza media de formación profesional	Mujeres	522
Febrero 2015	44	Teruel	41	Enseñanza superior de formación profesional	Hombres	223
Febrero 2015	44	Teruel	41	Enseñanza superior de formación profesional	Mujeres	325
Febrero 2015	44	Teruel	42	Enseñanza superior universitaria	Hombres	238
Febrero 2015	44	Teruel	42	Enseñanza superior universitaria	Mujeres	644
Febrero 2015	50	Zaragoza	10	Educación Primaria o inferior	Hombres	6651
Febrero 2015	50	Zaragoza	10	Educación Primaria o inferior	Mujeres	6396
Febrero 2015	50	Zaragoza	20	Primera etapa de educación secundaria	Hombres	20023
Febrero 2015	50	Zaragoza	20	Primera etapa de educación secundaria	Mujeres	19922
Febrero 2015	50	Zaragoza	31	Bachillerato	Hombres	3101
Febrero 2015	50	Zaragoza	31	Bachillerato	Mujeres	3822
Febrero 2015	50	Zaragoza	32	Enseñanza media de formación profesional	Hombres	2590
Febrero 2015	50	Zaragoza	32	Enseñanza media de formación profesional	Mujeres	3891
Febrero 2015	50	Zaragoza	41	Enseñanza superior de formación profesional	Hombres	1786
Febrero 2015	50	Zaragoza	41	Enseñanza superior de formación profesional	Mujeres	2752
Febrero 2015	50	Zaragoza	42	Enseñanza superior universitaria	Hombres	2540
Febrero 2015	50	Zaragoza	42	Enseñanza superior universitaria	Mujeres	5382
Enero 2015	22	Huesca	10	Educación Primaria o inferior	Hombres	2163
Enero 2015	22	Huesca	10	Educación Primaria o inferior	Mujeres	1904
Enero 2015	22	Huesca	20	Primera etapa de educación secundaria	Hombres	3285
Enero 2015	22	Huesca	20	Primera etapa de educación secundaria	Mujeres	2693
Enero 2015	22	Huesca	31	Bachillerato	Hombres	481
Enero 2015	22	Huesca	31	Bachillerato	Mujeres	561
Enero 2015	22	Huesca	32	Enseñanza media de formación profesional	Hombres	383
Enero 2015	22	Huesca	32	Enseñanza media de formación profesional	Mujeres	568
Enero 2015	22	Huesca	41	Enseñanza superior de formación profesional	Hombres	323
Enero 2015	22	Huesca	41	Enseñanza superior de formación profesional	Mujeres	438
Enero 2015	22	Huesca	42	Enseñanza superior universitaria	Hombres	386
Enero 2015	22	Huesca	42	Enseñanza superior universitaria	Mujeres	982
Enero 2015	44	Teruel	10	Educación Primaria o inferior	Hombres	1668
Enero 2015	44	Teruel	10	Educación Primaria o inferior	Mujeres	1437
Enero 2015	44	Teruel	20	Primera etapa de educación secundaria	Hombres	2310
Enero 2015	44	Teruel	20	Primera etapa de educación secundaria	Mujeres	1979
Enero 2015	44	Teruel	31	Bachillerato	Hombres	215
Enero 2015	44	Teruel	31	Bachillerato	Mujeres	271
Enero 2015	44	Teruel	32	Enseñanza media de formación profesional	Hombres	329
Enero 2015	44	Teruel	32	Enseñanza media de formación profesional	Mujeres	528
Enero 2015	44	Teruel	41	Enseñanza superior de formación profesional	Hombres	225
Enero 2015	44	Teruel	41	Enseñanza superior de formación profesional	Mujeres	321
Enero 2015	44	Teruel	42	Enseñanza superior universitaria	Hombres	259
Enero 2015	44	Teruel	42	Enseñanza superior universitaria	Mujeres	649
Enero 2015	50	Zaragoza	10	Educación Primaria o inferior	Hombres	6640
Enero 2015	50	Zaragoza	10	Educación Primaria o inferior	Mujeres	6318
Enero 2015	50	Zaragoza	20	Primera etapa de educación secundaria	Hombres	20060
Enero 2015	50	Zaragoza	20	Primera etapa de educación secundaria	Mujeres	19885
Enero 2015	50	Zaragoza	31	Bachillerato	Hombres	3146
Enero 2015	50	Zaragoza	31	Bachillerato	Mujeres	3759
Enero 2015	50	Zaragoza	32	Enseñanza media de formación profesional	Hombres	2637
Enero 2015	50	Zaragoza	32	Enseñanza media de formación profesional	Mujeres	3852
Enero 2015	50	Zaragoza	41	Enseñanza superior de formación profesional	Hombres	1842
Enero 2015	50	Zaragoza	41	Enseñanza superior de formación profesional	Mujeres	2732
Enero 2015	50	Zaragoza	42	Enseñanza superior universitaria	Hombres	2629
Enero 2015	50	Zaragoza	42	Enseñanza superior universitaria	Mujeres	5436
Diciembre 2014	22	Huesca	10	Educación Primaria o inferior	Hombres	2078
Diciembre 2014	22	Huesca	10	Educación Primaria o inferior	Mujeres	1812
Diciembre 2014	22	Huesca	20	Primera etapa de educación secundaria	Hombres	3245
Diciembre 2014	22	Huesca	20	Primera etapa de educación secundaria	Mujeres	2573
Diciembre 2014	22	Huesca	31	Bachillerato	Hombres	470
Diciembre 2014	22	Huesca	31	Bachillerato	Mujeres	537
Diciembre 2014	22	Huesca	32	Enseñanza media de formación profesional	Hombres	394
Diciembre 2014	22	Huesca	32	Enseñanza media de formación profesional	Mujeres	537
Diciembre 2014	22	Huesca	41	Enseñanza superior de formación profesional	Hombres	308
Diciembre 2014	22	Huesca	41	Enseñanza superior de formación profesional	Mujeres	397
Diciembre 2014	22	Huesca	42	Enseñanza superior universitaria	Hombres	373
Diciembre 2014	22	Huesca	42	Enseñanza superior universitaria	Mujeres	881
Diciembre 2014	44	Teruel	10	Educación Primaria o inferior	Hombres	1619
Diciembre 2014	44	Teruel	10	Educación Primaria o inferior	Mujeres	1387
Diciembre 2014	44	Teruel	20	Primera etapa de educación secundaria	Hombres	2268
Diciembre 2014	44	Teruel	20	Primera etapa de educación secundaria	Mujeres	1858
Diciembre 2014	44	Teruel	31	Bachillerato	Hombres	213
Diciembre 2014	44	Teruel	31	Bachillerato	Mujeres	271
Diciembre 2014	44	Teruel	32	Enseñanza media de formación profesional	Hombres	308
Diciembre 2014	44	Teruel	32	Enseñanza media de formación profesional	Mujeres	480
Diciembre 2014	44	Teruel	41	Enseñanza superior de formación profesional	Hombres	211
Diciembre 2014	44	Teruel	41	Enseñanza superior de formación profesional	Mujeres	308
Diciembre 2014	44	Teruel	42	Enseñanza superior universitaria	Hombres	259
Diciembre 2014	44	Teruel	42	Enseñanza superior universitaria	Mujeres	589
Diciembre 2014	50	Zaragoza	10	Educación Primaria o inferior	Hombres	6700
Diciembre 2014	50	Zaragoza	10	Educación Primaria o inferior	Mujeres	6196
Diciembre 2014	50	Zaragoza	20	Primera etapa de educación secundaria	Hombres	20203
Diciembre 2014	50	Zaragoza	20	Primera etapa de educación secundaria	Mujeres	19329
Diciembre 2014	50	Zaragoza	31	Bachillerato	Hombres	3277
Diciembre 2014	50	Zaragoza	31	Bachillerato	Mujeres	3769
Diciembre 2014	50	Zaragoza	32	Enseñanza media de formación profesional	Hombres	2705
Diciembre 2014	50	Zaragoza	32	Enseñanza media de formación profesional	Mujeres	3571
Diciembre 2014	50	Zaragoza	41	Enseñanza superior de formación profesional	Hombres	1869
Diciembre 2014	50	Zaragoza	41	Enseñanza superior de formación profesional	Mujeres	2652
Diciembre 2014	50	Zaragoza	42	Enseñanza superior universitaria	Hombres	2637
Diciembre 2014	50	Zaragoza	42	Enseñanza superior universitaria	Mujeres	5288
Noviembre 2014	22	Huesca	10	Educación Primaria o inferior	Hombres	2096
Noviembre 2014	22	Huesca	10	Educación Primaria o inferior	Mujeres	1909
Noviembre 2014	22	Huesca	20	Primera etapa de educación secundaria	Hombres	3395
Noviembre 2014	22	Huesca	20	Primera etapa de educación secundaria	Mujeres	2763
Noviembre 2014	22	Huesca	31	Bachillerato	Hombres	512
Noviembre 2014	22	Huesca	31	Bachillerato	Mujeres	619
Noviembre 2014	22	Huesca	32	Enseñanza media de formación profesional	Hombres	419
Noviembre 2014	22	Huesca	32	Enseñanza media de formación profesional	Mujeres	611
Noviembre 2014	22	Huesca	41	Enseñanza superior de formación profesional	Hombres	342
Noviembre 2014	22	Huesca	41	Enseñanza superior de formación profesional	Mujeres	482
Noviembre 2014	22	Huesca	42	Enseñanza superior universitaria	Hombres	418
Noviembre 2014	22	Huesca	42	Enseñanza superior universitaria	Mujeres	993
Noviembre 2014	44	Teruel	10	Educación Primaria o inferior	Hombres	1554
Noviembre 2014	44	Teruel	10	Educación Primaria o inferior	Mujeres	1425
Noviembre 2014	44	Teruel	20	Primera etapa de educación secundaria	Hombres	2198
Noviembre 2014	44	Teruel	20	Primera etapa de educación secundaria	Mujeres	1926
Noviembre 2014	44	Teruel	31	Bachillerato	Hombres	208
Noviembre 2014	44	Teruel	31	Bachillerato	Mujeres	295
Noviembre 2014	44	Teruel	32	Enseñanza media de formación profesional	Hombres	327
Noviembre 2014	44	Teruel	32	Enseñanza media de formación profesional	Mujeres	508
Noviembre 2014	44	Teruel	41	Enseñanza superior de formación profesional	Hombres	212
Noviembre 2014	44	Teruel	41	Enseñanza superior de formación profesional	Mujeres	340
Noviembre 2014	44	Teruel	42	Enseñanza superior universitaria	Hombres	245
Noviembre 2014	44	Teruel	42	Enseñanza superior universitaria	Mujeres	643
Noviembre 2014	50	Zaragoza	10	Educación Primaria o inferior	Hombres	6618
Noviembre 2014	50	Zaragoza	10	Educación Primaria o inferior	Mujeres	6274
Noviembre 2014	50	Zaragoza	20	Primera etapa de educación secundaria	Hombres	20037
Noviembre 2014	50	Zaragoza	20	Primera etapa de educación secundaria	Mujeres	19643
Noviembre 2014	50	Zaragoza	31	Bachillerato	Hombres	3288
Noviembre 2014	50	Zaragoza	31	Bachillerato	Mujeres	3931
Noviembre 2014	50	Zaragoza	32	Enseñanza media de formación profesional	Hombres	2733
Noviembre 2014	50	Zaragoza	32	Enseñanza media de formación profesional	Mujeres	3802
Noviembre 2014	50	Zaragoza	41	Enseñanza superior de formación profesional	Hombres	1904
Noviembre 2014	50	Zaragoza	41	Enseñanza superior de formación profesional	Mujeres	2831
Noviembre 2014	50	Zaragoza	42	Enseñanza superior universitaria	Hombres	2668
Noviembre 2014	50	Zaragoza	42	Enseñanza superior universitaria	Mujeres	5496
Octubre 2014	22	Huesca	10	Educación Primaria o inferior	Hombres	2256
Octubre 2014	22	Huesca	10	Educación Primaria o inferior	Mujeres	1940
Octubre 2014	22	Huesca	20	Primera etapa de educación secundaria	Hombres	3353
Octubre 2014	22	Huesca	20	Primera etapa de educación secundaria	Mujeres	2764
Octubre 2014	22	Huesca	31	Bachillerato	Hombres	545
Octubre 2014	22	Huesca	31	Bachillerato	Mujeres	665
Octubre 2014	22	Huesca	32	Enseñanza media de formación profesional	Hombres	437
Octubre 2014	22	Huesca	32	Enseñanza media de formación profesional	Mujeres	649
Octubre 2014	22	Huesca	41	Enseñanza superior de formación profesional	Hombres	363
Octubre 2014	22	Huesca	41	Enseñanza superior de formación profesional	Mujeres	509
Octubre 2014	22	Huesca	42	Enseñanza superior universitaria	Hombres	453
Octubre 2014	22	Huesca	42	Enseñanza superior universitaria	Mujeres	1049
Octubre 2014	44	Teruel	10	Educación Primaria o inferior	Hombres	1581
Octubre 2014	44	Teruel	10	Educación Primaria o inferior	Mujeres	1366
Octubre 2014	44	Teruel	20	Primera etapa de educación secundaria	Hombres	2207
Octubre 2014	44	Teruel	20	Primera etapa de educación secundaria	Mujeres	1897
Octubre 2014	44	Teruel	31	Bachillerato	Hombres	214
Octubre 2014	44	Teruel	31	Bachillerato	Mujeres	309
Octubre 2014	44	Teruel	32	Enseñanza media de formación profesional	Hombres	350
Octubre 2014	44	Teruel	32	Enseñanza media de formación profesional	Mujeres	518
Octubre 2014	44	Teruel	41	Enseñanza superior de formación profesional	Hombres	236
Octubre 2014	44	Teruel	41	Enseñanza superior de formación profesional	Mujeres	356
Octubre 2014	44	Teruel	42	Enseñanza superior universitaria	Hombres	256
Octubre 2014	44	Teruel	42	Enseñanza superior universitaria	Mujeres	679
Octubre 2014	50	Zaragoza	10	Educación Primaria o inferior	Hombres	6753
Octubre 2014	50	Zaragoza	10	Educación Primaria o inferior	Mujeres	6235
Octubre 2014	50	Zaragoza	20	Primera etapa de educación secundaria	Hombres	20313
Octubre 2014	50	Zaragoza	20	Primera etapa de educación secundaria	Mujeres	19672
Octubre 2014	50	Zaragoza	31	Bachillerato	Hombres	3349
Octubre 2014	50	Zaragoza	31	Bachillerato	Mujeres	4042
Octubre 2014	50	Zaragoza	32	Enseñanza media de formación profesional	Hombres	2820
Octubre 2014	50	Zaragoza	32	Enseñanza media de formación profesional	Mujeres	3919
Octubre 2014	50	Zaragoza	41	Enseñanza superior de formación profesional	Hombres	2018
Octubre 2014	50	Zaragoza	41	Enseñanza superior de formación profesional	Mujeres	2930
Octubre 2014	50	Zaragoza	42	Enseñanza superior universitaria	Hombres	2868
Octubre 2014	50	Zaragoza	42	Enseñanza superior universitaria	Mujeres	5876
Septiembre 2014	22	Huesca	10	Educación Primaria o inferior	Hombres	2153
Septiembre 2014	22	Huesca	10	Educación Primaria o inferior	Mujeres	1853
Septiembre 2014	22	Huesca	20	Primera etapa de educación secundaria	Hombres	3237
Septiembre 2014	22	Huesca	20	Primera etapa de educación secundaria	Mujeres	2607
Septiembre 2014	22	Huesca	31	Bachillerato	Hombres	517
Septiembre 2014	22	Huesca	31	Bachillerato	Mujeres	638
Septiembre 2014	22	Huesca	32	Enseñanza media de formación profesional	Hombres	394
Septiembre 2014	22	Huesca	32	Enseñanza media de formación profesional	Mujeres	602
Septiembre 2014	22	Huesca	41	Enseñanza superior de formación profesional	Hombres	345
Septiembre 2014	22	Huesca	41	Enseñanza superior de formación profesional	Mujeres	495
Septiembre 2014	22	Huesca	42	Enseñanza superior universitaria	Hombres	457
Septiembre 2014	22	Huesca	42	Enseñanza superior universitaria	Mujeres	1060
Septiembre 2014	44	Teruel	10	Educación Primaria o inferior	Hombres	1561
Septiembre 2014	44	Teruel	10	Educación Primaria o inferior	Mujeres	1232
Septiembre 2014	44	Teruel	20	Primera etapa de educación secundaria	Hombres	2123
Septiembre 2014	44	Teruel	20	Primera etapa de educación secundaria	Mujeres	1773
Septiembre 2014	44	Teruel	31	Bachillerato	Hombres	211
Septiembre 2014	44	Teruel	31	Bachillerato	Mujeres	295
Septiembre 2014	44	Teruel	32	Enseñanza media de formación profesional	Hombres	323
Septiembre 2014	44	Teruel	32	Enseñanza media de formación profesional	Mujeres	452
Septiembre 2014	44	Teruel	41	Enseñanza superior de formación profesional	Hombres	214
Septiembre 2014	44	Teruel	41	Enseñanza superior de formación profesional	Mujeres	333
Septiembre 2014	44	Teruel	42	Enseñanza superior universitaria	Hombres	244
Septiembre 2014	44	Teruel	42	Enseñanza superior universitaria	Mujeres	625
Septiembre 2014	50	Zaragoza	10	Educación Primaria o inferior	Hombres	6310
Septiembre 2014	50	Zaragoza	10	Educación Primaria o inferior	Mujeres	5994
Septiembre 2014	50	Zaragoza	20	Primera etapa de educación secundaria	Hombres	19797
Septiembre 2014	50	Zaragoza	20	Primera etapa de educación secundaria	Mujeres	19288
Septiembre 2014	50	Zaragoza	31	Bachillerato	Hombres	3370
Septiembre 2014	50	Zaragoza	31	Bachillerato	Mujeres	4063
Septiembre 2014	50	Zaragoza	32	Enseñanza media de formación profesional	Hombres	2777
Septiembre 2014	50	Zaragoza	32	Enseñanza media de formación profesional	Mujeres	3773
Septiembre 2014	50	Zaragoza	41	Enseñanza superior de formación profesional	Hombres	2103
Septiembre 2014	50	Zaragoza	41	Enseñanza superior de formación profesional	Mujeres	2903
Septiembre 2014	50	Zaragoza	42	Enseñanza superior universitaria	Hombres	2857
Septiembre 2014	50	Zaragoza	42	Enseñanza superior universitaria	Mujeres	5925
Agosto 2014	22	Huesca	10	Educación Primaria o inferior	Hombres	1883
Agosto 2014	22	Huesca	10	Educación Primaria o inferior	Mujeres	1522
Agosto 2014	22	Huesca	20	Primera etapa de educación secundaria	Hombres	3069
Agosto 2014	22	Huesca	20	Primera etapa de educación secundaria	Mujeres	2458
Agosto 2014	22	Huesca	31	Bachillerato	Hombres	492
Agosto 2014	22	Huesca	31	Bachillerato	Mujeres	606
Agosto 2014	22	Huesca	32	Enseñanza media de formación profesional	Hombres	379
Agosto 2014	22	Huesca	32	Enseñanza media de formación profesional	Mujeres	539
Agosto 2014	22	Huesca	41	Enseñanza superior de formación profesional	Hombres	312
Agosto 2014	22	Huesca	41	Enseñanza superior de formación profesional	Mujeres	464
Agosto 2014	22	Huesca	42	Enseñanza superior universitaria	Hombres	587
Agosto 2014	22	Huesca	42	Enseñanza superior universitaria	Mujeres	1390
Agosto 2014	44	Teruel	10	Educación Primaria o inferior	Hombres	1570
Agosto 2014	44	Teruel	10	Educación Primaria o inferior	Mujeres	1213
Agosto 2014	44	Teruel	20	Primera etapa de educación secundaria	Hombres	2100
Agosto 2014	44	Teruel	20	Primera etapa de educación secundaria	Mujeres	1744
Agosto 2014	44	Teruel	31	Bachillerato	Hombres	215
Agosto 2014	44	Teruel	31	Bachillerato	Mujeres	275
Agosto 2014	44	Teruel	32	Enseñanza media de formación profesional	Hombres	306
Agosto 2014	44	Teruel	32	Enseñanza media de formación profesional	Mujeres	395
Agosto 2014	44	Teruel	41	Enseñanza superior de formación profesional	Hombres	212
Agosto 2014	44	Teruel	41	Enseñanza superior de formación profesional	Mujeres	319
Agosto 2014	44	Teruel	42	Enseñanza superior universitaria	Hombres	339
Agosto 2014	44	Teruel	42	Enseñanza superior universitaria	Mujeres	861
Agosto 2014	50	Zaragoza	10	Educación Primaria o inferior	Hombres	6283
Agosto 2014	50	Zaragoza	10	Educación Primaria o inferior	Mujeres	5808
Agosto 2014	50	Zaragoza	20	Primera etapa de educación secundaria	Hombres	19444
Agosto 2014	50	Zaragoza	20	Primera etapa de educación secundaria	Mujeres	18779
Agosto 2014	50	Zaragoza	31	Bachillerato	Hombres	3420
Agosto 2014	50	Zaragoza	31	Bachillerato	Mujeres	4072
Agosto 2014	50	Zaragoza	32	Enseñanza media de formación profesional	Hombres	2722
Agosto 2014	50	Zaragoza	32	Enseñanza media de formación profesional	Mujeres	3580
Agosto 2014	50	Zaragoza	41	Enseñanza superior de formación profesional	Hombres	2121
Agosto 2014	50	Zaragoza	41	Enseñanza superior de formación profesional	Mujeres	2855
Agosto 2014	50	Zaragoza	42	Enseñanza superior universitaria	Hombres	3361
Agosto 2014	50	Zaragoza	42	Enseñanza superior universitaria	Mujeres	7337
Julio 2014	22	Huesca	10	Educación Primaria o inferior	Hombres	1740
Julio 2014	22	Huesca	10	Educación Primaria o inferior	Mujeres	1479
Julio 2014	22	Huesca	20	Primera etapa de educación secundaria	Hombres	3070
Julio 2014	22	Huesca	20	Primera etapa de educación secundaria	Mujeres	2481
Julio 2014	22	Huesca	31	Bachillerato	Hombres	490
Julio 2014	22	Huesca	31	Bachillerato	Mujeres	586
Julio 2014	22	Huesca	32	Enseñanza media de formación profesional	Hombres	367
Julio 2014	22	Huesca	32	Enseñanza media de formación profesional	Mujeres	573
Julio 2014	22	Huesca	41	Enseñanza superior de formación profesional	Hombres	297
Julio 2014	22	Huesca	41	Enseñanza superior de formación profesional	Mujeres	457
Julio 2014	22	Huesca	42	Enseñanza superior universitaria	Hombres	521
Julio 2014	22	Huesca	42	Enseñanza superior universitaria	Mujeres	1250
Julio 2014	44	Teruel	10	Educación Primaria o inferior	Hombres	1591
Julio 2014	44	Teruel	10	Educación Primaria o inferior	Mujeres	1254
Julio 2014	44	Teruel	20	Primera etapa de educación secundaria	Hombres	2080
Julio 2014	44	Teruel	20	Primera etapa de educación secundaria	Mujeres	1734
Julio 2014	44	Teruel	31	Bachillerato	Hombres	208
Julio 2014	44	Teruel	31	Bachillerato	Mujeres	280
Julio 2014	44	Teruel	32	Enseñanza media de formación profesional	Hombres	311
Julio 2014	44	Teruel	32	Enseñanza media de formación profesional	Mujeres	408
Julio 2014	44	Teruel	41	Enseñanza superior de formación profesional	Hombres	193
Julio 2014	44	Teruel	41	Enseñanza superior de formación profesional	Mujeres	322
Julio 2014	44	Teruel	42	Enseñanza superior universitaria	Hombres	304
Julio 2014	44	Teruel	42	Enseñanza superior universitaria	Mujeres	788
Julio 2014	50	Zaragoza	10	Educación Primaria o inferior	Hombres	6346
Julio 2014	50	Zaragoza	10	Educación Primaria o inferior	Mujeres	5885
Julio 2014	50	Zaragoza	20	Primera etapa de educación secundaria	Hombres	19641
Julio 2014	50	Zaragoza	20	Primera etapa de educación secundaria	Mujeres	19080
Julio 2014	50	Zaragoza	31	Bachillerato	Hombres	3408
Julio 2014	50	Zaragoza	31	Bachillerato	Mujeres	4030
Julio 2014	50	Zaragoza	32	Enseñanza media de formación profesional	Hombres	2678
Julio 2014	50	Zaragoza	32	Enseñanza media de formación profesional	Mujeres	3553
Julio 2014	50	Zaragoza	41	Enseñanza superior de formación profesional	Hombres	1989
Julio 2014	50	Zaragoza	41	Enseñanza superior de formación profesional	Mujeres	2826
Julio 2014	50	Zaragoza	42	Enseñanza superior universitaria	Hombres	3111
Julio 2014	50	Zaragoza	42	Enseñanza superior universitaria	Mujeres	6822
Junio 2014	22	Huesca	10	Educación Primaria o inferior	Hombres	1802
Junio 2014	22	Huesca	10	Educación Primaria o inferior	Mujeres	1491
Junio 2014	22	Huesca	20	Primera etapa de educación secundaria	Hombres	3173
Junio 2014	22	Huesca	20	Primera etapa de educación secundaria	Mujeres	2588
Junio 2014	22	Huesca	31	Bachillerato	Hombres	512
Junio 2014	22	Huesca	31	Bachillerato	Mujeres	540
Junio 2014	22	Huesca	32	Enseñanza media de formación profesional	Hombres	372
Junio 2014	22	Huesca	32	Enseñanza media de formación profesional	Mujeres	586
Junio 2014	22	Huesca	41	Enseñanza superior de formación profesional	Hombres	288
Junio 2014	22	Huesca	41	Enseñanza superior de formación profesional	Mujeres	444
Junio 2014	22	Huesca	42	Enseñanza superior universitaria	Hombres	372
Junio 2014	22	Huesca	42	Enseñanza superior universitaria	Mujeres	885
Junio 2014	44	Teruel	10	Educación Primaria o inferior	Hombres	1619
Junio 2014	44	Teruel	10	Educación Primaria o inferior	Mujeres	1328
Junio 2014	44	Teruel	20	Primera etapa de educación secundaria	Hombres	2130
Junio 2014	44	Teruel	20	Primera etapa de educación secundaria	Mujeres	1802
Junio 2014	44	Teruel	31	Bachillerato	Hombres	205
Junio 2014	44	Teruel	31	Bachillerato	Mujeres	265
Junio 2014	44	Teruel	32	Enseñanza media de formación profesional	Hombres	326
Junio 2014	44	Teruel	32	Enseñanza media de formación profesional	Mujeres	477
Junio 2014	44	Teruel	41	Enseñanza superior de formación profesional	Hombres	188
Junio 2014	44	Teruel	41	Enseñanza superior de formación profesional	Mujeres	293
Junio 2014	44	Teruel	42	Enseñanza superior universitaria	Hombres	220
Junio 2014	44	Teruel	42	Enseñanza superior universitaria	Mujeres	571
Junio 2014	50	Zaragoza	10	Educación Primaria o inferior	Hombres	6166
Junio 2014	50	Zaragoza	10	Educación Primaria o inferior	Mujeres	5845
Junio 2014	50	Zaragoza	20	Primera etapa de educación secundaria	Hombres	19570
Junio 2014	50	Zaragoza	20	Primera etapa de educación secundaria	Mujeres	19154
Junio 2014	50	Zaragoza	31	Bachillerato	Hombres	3276
Junio 2014	50	Zaragoza	31	Bachillerato	Mujeres	3848
Junio 2014	50	Zaragoza	32	Enseñanza media de formación profesional	Hombres	2584
Junio 2014	50	Zaragoza	32	Enseñanza media de formación profesional	Mujeres	3679
Junio 2014	50	Zaragoza	41	Enseñanza superior de formación profesional	Hombres	1845
Junio 2014	50	Zaragoza	41	Enseñanza superior de formación profesional	Mujeres	2687
Junio 2014	50	Zaragoza	42	Enseñanza superior universitaria	Hombres	2441
Junio 2014	50	Zaragoza	42	Enseñanza superior universitaria	Mujeres	5264
Mayo 2014	22	Huesca	10	Educación Primaria o inferior	Hombres	1758
Mayo 2014	22	Huesca	10	Educación Primaria o inferior	Mujeres	1606
Mayo 2014	22	Huesca	20	Primera etapa de educación secundaria	Hombres	3265
Mayo 2014	22	Huesca	20	Primera etapa de educación secundaria	Mujeres	2685
Mayo 2014	22	Huesca	31	Bachillerato	Hombres	505
Mayo 2014	22	Huesca	31	Bachillerato	Mujeres	584
Mayo 2014	22	Huesca	32	Enseñanza media de formación profesional	Hombres	393
Mayo 2014	22	Huesca	32	Enseñanza media de formación profesional	Mujeres	628
Mayo 2014	22	Huesca	41	Enseñanza superior de formación profesional	Hombres	276
Mayo 2014	22	Huesca	41	Enseñanza superior de formación profesional	Mujeres	487
Mayo 2014	22	Huesca	42	Enseñanza superior universitaria	Hombres	379
Mayo 2014	22	Huesca	42	Enseñanza superior universitaria	Mujeres	928
Mayo 2014	44	Teruel	10	Educación Primaria o inferior	Hombres	1635
Mayo 2014	44	Teruel	10	Educación Primaria o inferior	Mujeres	1382
Mayo 2014	44	Teruel	20	Primera etapa de educación secundaria	Hombres	2215
Mayo 2014	44	Teruel	20	Primera etapa de educación secundaria	Mujeres	1843
Mayo 2014	44	Teruel	31	Bachillerato	Hombres	227
Mayo 2014	44	Teruel	31	Bachillerato	Mujeres	268
Mayo 2014	44	Teruel	32	Enseñanza media de formación profesional	Hombres	336
Mayo 2014	44	Teruel	32	Enseñanza media de formación profesional	Mujeres	494
Mayo 2014	44	Teruel	41	Enseñanza superior de formación profesional	Hombres	173
Mayo 2014	44	Teruel	41	Enseñanza superior de formación profesional	Mujeres	289
Mayo 2014	44	Teruel	42	Enseñanza superior universitaria	Hombres	215
Mayo 2014	44	Teruel	42	Enseñanza superior universitaria	Mujeres	580
Mayo 2014	50	Zaragoza	10	Educación Primaria o inferior	Hombres	6507
Mayo 2014	50	Zaragoza	10	Educación Primaria o inferior	Mujeres	6097
Mayo 2014	50	Zaragoza	20	Primera etapa de educación secundaria	Hombres	20338
Mayo 2014	50	Zaragoza	20	Primera etapa de educación secundaria	Mujeres	19706
Mayo 2014	50	Zaragoza	31	Bachillerato	Hombres	3324
Mayo 2014	50	Zaragoza	31	Bachillerato	Mujeres	3893
Mayo 2014	50	Zaragoza	32	Enseñanza media de formación profesional	Hombres	2679
Mayo 2014	50	Zaragoza	32	Enseñanza media de formación profesional	Mujeres	3899
Mayo 2014	50	Zaragoza	41	Enseñanza superior de formación profesional	Hombres	1791
Mayo 2014	50	Zaragoza	41	Enseñanza superior de formación profesional	Mujeres	2691
Mayo 2014	50	Zaragoza	42	Enseñanza superior universitaria	Hombres	2524
Mayo 2014	50	Zaragoza	42	Enseñanza superior universitaria	Mujeres	5342
Abril 2014	22	Huesca	10	Educación Primaria o inferior	Hombres	2042
Abril 2014	22	Huesca	10	Educación Primaria o inferior	Mujeres	1752
Abril 2014	22	Huesca	20	Primera etapa de educación secundaria	Hombres	3482
Abril 2014	22	Huesca	20	Primera etapa de educación secundaria	Mujeres	2734
Abril 2014	22	Huesca	31	Bachillerato	Hombres	521
Abril 2014	22	Huesca	31	Bachillerato	Mujeres	586
Abril 2014	22	Huesca	32	Enseñanza media de formación profesional	Hombres	392
Abril 2014	22	Huesca	32	Enseñanza media de formación profesional	Mujeres	658
Abril 2014	22	Huesca	41	Enseñanza superior de formación profesional	Hombres	288
Abril 2014	22	Huesca	41	Enseñanza superior de formación profesional	Mujeres	491
Abril 2014	22	Huesca	42	Enseñanza superior universitaria	Hombres	368
Abril 2014	22	Huesca	42	Enseñanza superior universitaria	Mujeres	900
Abril 2014	44	Teruel	10	Educación Primaria o inferior	Hombres	1849
Abril 2014	44	Teruel	10	Educación Primaria o inferior	Mujeres	1449
Abril 2014	44	Teruel	20	Primera etapa de educación secundaria	Hombres	2344
Abril 2014	44	Teruel	20	Primera etapa de educación secundaria	Mujeres	1845
Abril 2014	44	Teruel	31	Bachillerato	Hombres	227
Abril 2014	44	Teruel	31	Bachillerato	Mujeres	251
Abril 2014	44	Teruel	32	Enseñanza media de formación profesional	Hombres	360
Abril 2014	44	Teruel	32	Enseñanza media de formación profesional	Mujeres	481
Abril 2014	44	Teruel	41	Enseñanza superior de formación profesional	Hombres	198
Abril 2014	44	Teruel	41	Enseñanza superior de formación profesional	Mujeres	286
Abril 2014	44	Teruel	42	Enseñanza superior universitaria	Hombres	207
Abril 2014	44	Teruel	42	Enseñanza superior universitaria	Mujeres	587
Abril 2014	50	Zaragoza	10	Educación Primaria o inferior	Hombres	7121
Abril 2014	50	Zaragoza	10	Educación Primaria o inferior	Mujeres	6378
Abril 2014	50	Zaragoza	20	Primera etapa de educación secundaria	Hombres	21445
Abril 2014	50	Zaragoza	20	Primera etapa de educación secundaria	Mujeres	20086
Abril 2014	50	Zaragoza	31	Bachillerato	Hombres	3371
Abril 2014	50	Zaragoza	31	Bachillerato	Mujeres	3867
Abril 2014	50	Zaragoza	32	Enseñanza media de formación profesional	Hombres	2709
Abril 2014	50	Zaragoza	32	Enseñanza media de formación profesional	Mujeres	3849
Abril 2014	50	Zaragoza	41	Enseñanza superior de formación profesional	Hombres	1844
Abril 2014	50	Zaragoza	41	Enseñanza superior de formación profesional	Mujeres	2649
Abril 2014	50	Zaragoza	42	Enseñanza superior universitaria	Hombres	2533
Abril 2014	50	Zaragoza	42	Enseñanza superior universitaria	Mujeres	5224
Marzo 2014	22	Huesca	10	Educación Primaria o inferior	Hombres	2167
Marzo 2014	22	Huesca	10	Educación Primaria o inferior	Mujeres	1858
Marzo 2014	22	Huesca	20	Primera etapa de educación secundaria	Hombres	3596
Marzo 2014	22	Huesca	20	Primera etapa de educación secundaria	Mujeres	2882
Marzo 2014	22	Huesca	31	Bachillerato	Hombres	525
Marzo 2014	22	Huesca	31	Bachillerato	Mujeres	616
Marzo 2014	22	Huesca	32	Enseñanza media de formación profesional	Hombres	388
Marzo 2014	22	Huesca	32	Enseñanza media de formación profesional	Mujeres	629
Marzo 2014	22	Huesca	41	Enseñanza superior de formación profesional	Hombres	294
Marzo 2014	22	Huesca	41	Enseñanza superior de formación profesional	Mujeres	472
Marzo 2014	22	Huesca	42	Enseñanza superior universitaria	Hombres	394
Marzo 2014	22	Huesca	42	Enseñanza superior universitaria	Mujeres	903
Marzo 2014	44	Teruel	10	Educación Primaria o inferior	Hombres	1964
Marzo 2014	44	Teruel	10	Educación Primaria o inferior	Mujeres	1482
Marzo 2014	44	Teruel	20	Primera etapa de educación secundaria	Hombres	2501
Marzo 2014	44	Teruel	20	Primera etapa de educación secundaria	Mujeres	1965
Marzo 2014	44	Teruel	31	Bachillerato	Hombres	228
Marzo 2014	44	Teruel	31	Bachillerato	Mujeres	260
Marzo 2014	44	Teruel	32	Enseñanza media de formación profesional	Hombres	361
Marzo 2014	44	Teruel	32	Enseñanza media de formación profesional	Mujeres	526
Marzo 2014	44	Teruel	41	Enseñanza superior de formación profesional	Hombres	225
Marzo 2014	44	Teruel	41	Enseñanza superior de formación profesional	Mujeres	307
Marzo 2014	44	Teruel	42	Enseñanza superior universitaria	Hombres	232
Marzo 2014	44	Teruel	42	Enseñanza superior universitaria	Mujeres	608
Marzo 2014	50	Zaragoza	10	Educación Primaria o inferior	Hombres	7366
Marzo 2014	50	Zaragoza	10	Educación Primaria o inferior	Mujeres	6606
Marzo 2014	50	Zaragoza	20	Primera etapa de educación secundaria	Hombres	22126
Marzo 2014	50	Zaragoza	20	Primera etapa de educación secundaria	Mujeres	20606
Marzo 2014	50	Zaragoza	31	Bachillerato	Hombres	3471
Marzo 2014	50	Zaragoza	31	Bachillerato	Mujeres	4028
Marzo 2014	50	Zaragoza	32	Enseñanza media de formación profesional	Hombres	2750
Marzo 2014	50	Zaragoza	32	Enseñanza media de formación profesional	Mujeres	4046
Marzo 2014	50	Zaragoza	41	Enseñanza superior de formación profesional	Hombres	1864
Marzo 2014	50	Zaragoza	41	Enseñanza superior de formación profesional	Mujeres	2704
Marzo 2014	50	Zaragoza	42	Enseñanza superior universitaria	Hombres	2581
Marzo 2014	50	Zaragoza	42	Enseñanza superior universitaria	Mujeres	5331
Febrero 2014	22	Huesca	10	Educación Primaria o inferior	Hombres	2172
Febrero 2014	22	Huesca	10	Educación Primaria o inferior	Mujeres	1850
Febrero 2014	22	Huesca	20	Primera etapa de educación secundaria	Hombres	3731
Febrero 2014	22	Huesca	20	Primera etapa de educación secundaria	Mujeres	2909
Febrero 2014	22	Huesca	31	Bachillerato	Hombres	544
Febrero 2014	22	Huesca	31	Bachillerato	Mujeres	631
Febrero 2014	22	Huesca	32	Enseñanza media de formación profesional	Hombres	402
Febrero 2014	22	Huesca	32	Enseñanza media de formación profesional	Mujeres	639
Febrero 2014	22	Huesca	41	Enseñanza superior de formación profesional	Hombres	307
Febrero 2014	22	Huesca	41	Enseñanza superior de formación profesional	Mujeres	503
Febrero 2014	22	Huesca	42	Enseñanza superior universitaria	Hombres	404
Febrero 2014	22	Huesca	42	Enseñanza superior universitaria	Mujeres	945
Febrero 2014	44	Teruel	10	Educación Primaria o inferior	Hombres	1985
Febrero 2014	44	Teruel	10	Educación Primaria o inferior	Mujeres	1419
Febrero 2014	44	Teruel	20	Primera etapa de educación secundaria	Hombres	2511
Febrero 2014	44	Teruel	20	Primera etapa de educación secundaria	Mujeres	1945
Febrero 2014	44	Teruel	31	Bachillerato	Hombres	233
Febrero 2014	44	Teruel	31	Bachillerato	Mujeres	281
Febrero 2014	44	Teruel	32	Enseñanza media de formación profesional	Hombres	392
Febrero 2014	44	Teruel	32	Enseñanza media de formación profesional	Mujeres	520
Febrero 2014	44	Teruel	41	Enseñanza superior de formación profesional	Hombres	232
Febrero 2014	44	Teruel	41	Enseñanza superior de formación profesional	Mujeres	322
Febrero 2014	44	Teruel	42	Enseñanza superior universitaria	Hombres	250
Febrero 2014	44	Teruel	42	Enseñanza superior universitaria	Mujeres	620
Febrero 2014	50	Zaragoza	10	Educación Primaria o inferior	Hombres	7196
Febrero 2014	50	Zaragoza	10	Educación Primaria o inferior	Mujeres	6423
Febrero 2014	50	Zaragoza	20	Primera etapa de educación secundaria	Hombres	22365
Febrero 2014	50	Zaragoza	20	Primera etapa de educación secundaria	Mujeres	20569
Febrero 2014	50	Zaragoza	31	Bachillerato	Hombres	3529
Febrero 2014	50	Zaragoza	31	Bachillerato	Mujeres	4115
Febrero 2014	50	Zaragoza	32	Enseñanza media de formación profesional	Hombres	2905
Febrero 2014	50	Zaragoza	32	Enseñanza media de formación profesional	Mujeres	4055
Febrero 2014	50	Zaragoza	41	Enseñanza superior de formación profesional	Hombres	1920
Febrero 2014	50	Zaragoza	41	Enseñanza superior de formación profesional	Mujeres	2774
Febrero 2014	50	Zaragoza	42	Enseñanza superior universitaria	Hombres	2641
Febrero 2014	50	Zaragoza	42	Enseñanza superior universitaria	Mujeres	5535
Enero 2014	22	Huesca	10	Educación Primaria o inferior	Hombres	2138
Enero 2014	22	Huesca	10	Educación Primaria o inferior	Mujeres	1798
Enero 2014	22	Huesca	20	Primera etapa de educación secundaria	Hombres	3835
Enero 2014	22	Huesca	20	Primera etapa de educación secundaria	Mujeres	2970
Enero 2014	22	Huesca	31	Bachillerato	Hombres	598
Enero 2014	22	Huesca	31	Bachillerato	Mujeres	676
Enero 2014	22	Huesca	32	Enseñanza media de formación profesional	Hombres	452
Enero 2014	22	Huesca	32	Enseñanza media de formación profesional	Mujeres	669
Enero 2014	22	Huesca	41	Enseñanza superior de formación profesional	Hombres	368
Enero 2014	22	Huesca	41	Enseñanza superior de formación profesional	Mujeres	570
Enero 2014	22	Huesca	42	Enseñanza superior universitaria	Hombres	440
Enero 2014	22	Huesca	42	Enseñanza superior universitaria	Mujeres	1078
Enero 2014	44	Teruel	10	Educación Primaria o inferior	Hombres	2021
Enero 2014	44	Teruel	10	Educación Primaria o inferior	Mujeres	1433
Enero 2014	44	Teruel	20	Primera etapa de educación secundaria	Hombres	2642
Enero 2014	44	Teruel	20	Primera etapa de educación secundaria	Mujeres	2042
Enero 2014	44	Teruel	31	Bachillerato	Hombres	252
Enero 2014	44	Teruel	31	Bachillerato	Mujeres	315
Enero 2014	44	Teruel	32	Enseñanza media de formación profesional	Hombres	420
Enero 2014	44	Teruel	32	Enseñanza media de formación profesional	Mujeres	586
Enero 2014	44	Teruel	41	Enseñanza superior de formación profesional	Hombres	281
Enero 2014	44	Teruel	41	Enseñanza superior de formación profesional	Mujeres	365
Enero 2014	44	Teruel	42	Enseñanza superior universitaria	Hombres	287
Enero 2014	44	Teruel	42	Enseñanza superior universitaria	Mujeres	690
Enero 2014	50	Zaragoza	10	Educación Primaria o inferior	Hombres	7167
Enero 2014	50	Zaragoza	10	Educación Primaria o inferior	Mujeres	6255
Enero 2014	50	Zaragoza	20	Primera etapa de educación secundaria	Hombres	23005
Enero 2014	50	Zaragoza	20	Primera etapa de educación secundaria	Mujeres	20781
Enero 2014	50	Zaragoza	31	Bachillerato	Hombres	3866
Enero 2014	50	Zaragoza	31	Bachillerato	Mujeres	4461
Enero 2014	50	Zaragoza	32	Enseñanza media de formación profesional	Hombres	3241
Enero 2014	50	Zaragoza	32	Enseñanza media de formación profesional	Mujeres	4352
Enero 2014	50	Zaragoza	41	Enseñanza superior de formación profesional	Hombres	2292
Enero 2014	50	Zaragoza	41	Enseñanza superior de formación profesional	Mujeres	3155
Enero 2014	50	Zaragoza	42	Enseñanza superior universitaria	Hombres	3021
Enero 2014	50	Zaragoza	42	Enseñanza superior universitaria	Mujeres	6297
Diciembre 2013	22	Huesca	10	Educación Primaria o inferior	Hombres	2062
Diciembre 2013	22	Huesca	10	Educación Primaria o inferior	Mujeres	1777
Diciembre 2013	22	Huesca	20	Primera etapa de educación secundaria	Hombres	3701
Diciembre 2013	22	Huesca	20	Primera etapa de educación secundaria	Mujeres	2857
Diciembre 2013	22	Huesca	31	Bachillerato	Hombres	575
Diciembre 2013	22	Huesca	31	Bachillerato	Mujeres	644
Diciembre 2013	22	Huesca	32	Enseñanza media de formación profesional	Hombres	430
Diciembre 2013	22	Huesca	32	Enseñanza media de formación profesional	Mujeres	614
Diciembre 2013	22	Huesca	41	Enseñanza superior de formación profesional	Hombres	356
Diciembre 2013	22	Huesca	41	Enseñanza superior de formación profesional	Mujeres	533
Diciembre 2013	22	Huesca	42	Enseñanza superior universitaria	Hombres	437
Diciembre 2013	22	Huesca	42	Enseñanza superior universitaria	Mujeres	1030
Diciembre 2013	44	Teruel	10	Educación Primaria o inferior	Hombres	1961
Diciembre 2013	44	Teruel	10	Educación Primaria o inferior	Mujeres	1367
Diciembre 2013	44	Teruel	20	Primera etapa de educación secundaria	Hombres	2501
Diciembre 2013	44	Teruel	20	Primera etapa de educación secundaria	Mujeres	1974
Diciembre 2013	44	Teruel	31	Bachillerato	Hombres	254
Diciembre 2013	44	Teruel	31	Bachillerato	Mujeres	314
Diciembre 2013	44	Teruel	32	Enseñanza media de formación profesional	Hombres	371
Diciembre 2013	44	Teruel	32	Enseñanza media de formación profesional	Mujeres	541
Diciembre 2013	44	Teruel	41	Enseñanza superior de formación profesional	Hombres	270
Diciembre 2013	44	Teruel	41	Enseñanza superior de formación profesional	Mujeres	355
Diciembre 2013	44	Teruel	42	Enseñanza superior universitaria	Hombres	290
Diciembre 2013	44	Teruel	42	Enseñanza superior universitaria	Mujeres	648
Diciembre 2013	50	Zaragoza	10	Educación Primaria o inferior	Hombres	6973
Diciembre 2013	50	Zaragoza	10	Educación Primaria o inferior	Mujeres	5930
Diciembre 2013	50	Zaragoza	20	Primera etapa de educación secundaria	Hombres	22890
Diciembre 2013	50	Zaragoza	20	Primera etapa de educación secundaria	Mujeres	20042
Diciembre 2013	50	Zaragoza	31	Bachillerato	Hombres	3796
Diciembre 2013	50	Zaragoza	31	Bachillerato	Mujeres	4273
Diciembre 2013	50	Zaragoza	32	Enseñanza media de formación profesional	Hombres	3168
Diciembre 2013	50	Zaragoza	32	Enseñanza media de formación profesional	Mujeres	3932
Diciembre 2013	50	Zaragoza	41	Enseñanza superior de formación profesional	Hombres	2228
Diciembre 2013	50	Zaragoza	41	Enseñanza superior de formación profesional	Mujeres	2911
Diciembre 2013	50	Zaragoza	42	Enseñanza superior universitaria	Hombres	2943
Diciembre 2013	50	Zaragoza	42	Enseñanza superior universitaria	Mujeres	5884
Noviembre 2013	22	Huesca	10	Educación Primaria o inferior	Hombres	2129
Noviembre 2013	22	Huesca	10	Educación Primaria o inferior	Mujeres	1822
Noviembre 2013	22	Huesca	20	Primera etapa de educación secundaria	Hombres	3817
Noviembre 2013	22	Huesca	20	Primera etapa de educación secundaria	Mujeres	3058
Noviembre 2013	22	Huesca	31	Bachillerato	Hombres	615
Noviembre 2013	22	Huesca	31	Bachillerato	Mujeres	712
Noviembre 2013	22	Huesca	32	Enseñanza media de formación profesional	Hombres	454
Noviembre 2013	22	Huesca	32	Enseñanza media de formación profesional	Mujeres	667
Noviembre 2013	22	Huesca	41	Enseñanza superior de formación profesional	Hombres	385
Noviembre 2013	22	Huesca	41	Enseñanza superior de formación profesional	Mujeres	580
Noviembre 2013	22	Huesca	42	Enseñanza superior universitaria	Hombres	466
Noviembre 2013	22	Huesca	42	Enseñanza superior universitaria	Mujeres	1123
Noviembre 2013	44	Teruel	10	Educación Primaria o inferior	Hombres	1922
Noviembre 2013	44	Teruel	10	Educación Primaria o inferior	Mujeres	1383
Noviembre 2013	44	Teruel	20	Primera etapa de educación secundaria	Hombres	2479
Noviembre 2013	44	Teruel	20	Primera etapa de educación secundaria	Mujeres	2021
Noviembre 2013	44	Teruel	31	Bachillerato	Hombres	251
Noviembre 2013	44	Teruel	31	Bachillerato	Mujeres	308
Noviembre 2013	44	Teruel	32	Enseñanza media de formación profesional	Hombres	382
Noviembre 2013	44	Teruel	32	Enseñanza media de formación profesional	Mujeres	580
Noviembre 2013	44	Teruel	41	Enseñanza superior de formación profesional	Hombres	266
Noviembre 2013	44	Teruel	41	Enseñanza superior de formación profesional	Mujeres	370
Noviembre 2013	44	Teruel	42	Enseñanza superior universitaria	Hombres	307
Noviembre 2013	44	Teruel	42	Enseñanza superior universitaria	Mujeres	696
Noviembre 2013	50	Zaragoza	10	Educación Primaria o inferior	Hombres	6857
Noviembre 2013	50	Zaragoza	10	Educación Primaria o inferior	Mujeres	5915
Noviembre 2013	50	Zaragoza	20	Primera etapa de educación secundaria	Hombres	23088
Noviembre 2013	50	Zaragoza	20	Primera etapa de educación secundaria	Mujeres	20720
Noviembre 2013	50	Zaragoza	31	Bachillerato	Hombres	3830
Noviembre 2013	50	Zaragoza	31	Bachillerato	Mujeres	4405
Noviembre 2013	50	Zaragoza	32	Enseñanza media de formación profesional	Hombres	3149
Noviembre 2013	50	Zaragoza	32	Enseñanza media de formación profesional	Mujeres	4173
Noviembre 2013	50	Zaragoza	41	Enseñanza superior de formación profesional	Hombres	2239
Noviembre 2013	50	Zaragoza	41	Enseñanza superior de formación profesional	Mujeres	3015
Noviembre 2013	50	Zaragoza	42	Enseñanza superior universitaria	Hombres	3010
Noviembre 2013	50	Zaragoza	42	Enseñanza superior universitaria	Mujeres	6063
Octubre 2013	22	Huesca	10	Educación Primaria o inferior	Hombres	2208
Octubre 2013	22	Huesca	10	Educación Primaria o inferior	Mujeres	1813
Octubre 2013	22	Huesca	20	Primera etapa de educación secundaria	Hombres	3872
Octubre 2013	22	Huesca	20	Primera etapa de educación secundaria	Mujeres	3071
Octubre 2013	22	Huesca	31	Bachillerato	Hombres	598
Octubre 2013	22	Huesca	31	Bachillerato	Mujeres	718
Octubre 2013	22	Huesca	32	Enseñanza media de formación profesional	Hombres	449
Octubre 2013	22	Huesca	32	Enseñanza media de formación profesional	Mujeres	668
Octubre 2013	22	Huesca	41	Enseñanza superior de formación profesional	Hombres	393
Octubre 2013	22	Huesca	41	Enseñanza superior de formación profesional	Mujeres	575
Octubre 2013	22	Huesca	42	Enseñanza superior universitaria	Hombres	486
Octubre 2013	22	Huesca	42	Enseñanza superior universitaria	Mujeres	1135
Octubre 2013	44	Teruel	10	Educación Primaria o inferior	Hombres	1864
Octubre 2013	44	Teruel	10	Educación Primaria o inferior	Mujeres	1293
Octubre 2013	44	Teruel	20	Primera etapa de educación secundaria	Hombres	2504
Octubre 2013	44	Teruel	20	Primera etapa de educación secundaria	Mujeres	1976
Octubre 2013	44	Teruel	31	Bachillerato	Hombres	245
Octubre 2013	44	Teruel	31	Bachillerato	Mujeres	325
Octubre 2013	44	Teruel	32	Enseñanza media de formación profesional	Hombres	384
Octubre 2013	44	Teruel	32	Enseñanza media de formación profesional	Mujeres	568
Octubre 2013	44	Teruel	41	Enseñanza superior de formación profesional	Hombres	268
Octubre 2013	44	Teruel	41	Enseñanza superior de formación profesional	Mujeres	375
Octubre 2013	44	Teruel	42	Enseñanza superior universitaria	Hombres	319
Octubre 2013	44	Teruel	42	Enseñanza superior universitaria	Mujeres	708
Octubre 2013	50	Zaragoza	10	Educación Primaria o inferior	Hombres	6439
Octubre 2013	50	Zaragoza	10	Educación Primaria o inferior	Mujeres	5505
Octubre 2013	50	Zaragoza	20	Primera etapa de educación secundaria	Hombres	23483
Octubre 2013	50	Zaragoza	20	Primera etapa de educación secundaria	Mujeres	21153
Octubre 2013	50	Zaragoza	31	Bachillerato	Hombres	3902
Octubre 2013	50	Zaragoza	31	Bachillerato	Mujeres	4508
Octubre 2013	50	Zaragoza	32	Enseñanza media de formación profesional	Hombres	3142
Octubre 2013	50	Zaragoza	32	Enseñanza media de formación profesional	Mujeres	4237
Octubre 2013	50	Zaragoza	41	Enseñanza superior de formación profesional	Hombres	2268
Octubre 2013	50	Zaragoza	41	Enseñanza superior de formación profesional	Mujeres	3138
Octubre 2013	50	Zaragoza	42	Enseñanza superior universitaria	Hombres	3118
Octubre 2013	50	Zaragoza	42	Enseñanza superior universitaria	Mujeres	6332
Septiembre 2013	22	Huesca	10	Educación Primaria o inferior	Hombres	2088
Septiembre 2013	22	Huesca	10	Educación Primaria o inferior	Mujeres	1594
Septiembre 2013	22	Huesca	20	Primera etapa de educación secundaria	Hombres	3740
Septiembre 2013	22	Huesca	20	Primera etapa de educación secundaria	Mujeres	2898
Septiembre 2013	22	Huesca	31	Bachillerato	Hombres	598
Septiembre 2013	22	Huesca	31	Bachillerato	Mujeres	687
Septiembre 2013	22	Huesca	32	Enseñanza media de formación profesional	Hombres	422
Septiembre 2013	22	Huesca	32	Enseñanza media de formación profesional	Mujeres	614
Septiembre 2013	22	Huesca	41	Enseñanza superior de formación profesional	Hombres	368
Septiembre 2013	22	Huesca	41	Enseñanza superior de formación profesional	Mujeres	541
Septiembre 2013	22	Huesca	42	Enseñanza superior universitaria	Hombres	513
Septiembre 2013	22	Huesca	42	Enseñanza superior universitaria	Mujeres	1139
Septiembre 2013	44	Teruel	10	Educación Primaria o inferior	Hombres	1838
Septiembre 2013	44	Teruel	10	Educación Primaria o inferior	Mujeres	1197
Septiembre 2013	44	Teruel	20	Primera etapa de educación secundaria	Hombres	2374
Septiembre 2013	44	Teruel	20	Primera etapa de educación secundaria	Mujeres	1825
Septiembre 2013	44	Teruel	31	Bachillerato	Hombres	232
Septiembre 2013	44	Teruel	31	Bachillerato	Mujeres	313
Septiembre 2013	44	Teruel	32	Enseñanza media de formación profesional	Hombres	366
Septiembre 2013	44	Teruel	32	Enseñanza media de formación profesional	Mujeres	487
Septiembre 2013	44	Teruel	41	Enseñanza superior de formación profesional	Hombres	249
Septiembre 2013	44	Teruel	41	Enseñanza superior de formación profesional	Mujeres	354
Septiembre 2013	44	Teruel	42	Enseñanza superior universitaria	Hombres	292
Septiembre 2013	44	Teruel	42	Enseñanza superior universitaria	Mujeres	670
Septiembre 2013	50	Zaragoza	10	Educación Primaria o inferior	Hombres	5832
Septiembre 2013	50	Zaragoza	10	Educación Primaria o inferior	Mujeres	4865
Septiembre 2013	50	Zaragoza	20	Primera etapa de educación secundaria	Hombres	23233
Septiembre 2013	50	Zaragoza	20	Primera etapa de educación secundaria	Mujeres	20907
Septiembre 2013	50	Zaragoza	31	Bachillerato	Hombres	3794
Septiembre 2013	50	Zaragoza	31	Bachillerato	Mujeres	4434
Septiembre 2013	50	Zaragoza	32	Enseñanza media de formación profesional	Hombres	2946
Septiembre 2013	50	Zaragoza	32	Enseñanza media de formación profesional	Mujeres	4032
Septiembre 2013	50	Zaragoza	41	Enseñanza superior de formación profesional	Hombres	2171
Septiembre 2013	50	Zaragoza	41	Enseñanza superior de formación profesional	Mujeres	3068
Septiembre 2013	50	Zaragoza	42	Enseñanza superior universitaria	Hombres	3172
Septiembre 2013	50	Zaragoza	42	Enseñanza superior universitaria	Mujeres	6415
Agosto 2013	22	Huesca	10	Educación Primaria o inferior	Hombres	1822
Agosto 2013	22	Huesca	10	Educación Primaria o inferior	Mujeres	1414
Agosto 2013	22	Huesca	20	Primera etapa de educación secundaria	Hombres	3568
Agosto 2013	22	Huesca	20	Primera etapa de educación secundaria	Mujeres	2775
Agosto 2013	22	Huesca	31	Bachillerato	Hombres	559
Agosto 2013	22	Huesca	31	Bachillerato	Mujeres	660
Agosto 2013	22	Huesca	32	Enseñanza media de formación profesional	Hombres	378
Agosto 2013	22	Huesca	32	Enseñanza media de formación profesional	Mujeres	570
Agosto 2013	22	Huesca	41	Enseñanza superior de formación profesional	Hombres	346
Agosto 2013	22	Huesca	41	Enseñanza superior de formación profesional	Mujeres	527
Agosto 2013	22	Huesca	42	Enseñanza superior universitaria	Hombres	635
Agosto 2013	22	Huesca	42	Enseñanza superior universitaria	Mujeres	1453
Agosto 2013	44	Teruel	10	Educación Primaria o inferior	Hombres	1906
Agosto 2013	44	Teruel	10	Educación Primaria o inferior	Mujeres	1164
Agosto 2013	44	Teruel	20	Primera etapa de educación secundaria	Hombres	2335
Agosto 2013	44	Teruel	20	Primera etapa de educación secundaria	Mujeres	1742
Agosto 2013	44	Teruel	31	Bachillerato	Hombres	241
Agosto 2013	44	Teruel	31	Bachillerato	Mujeres	312
Agosto 2013	44	Teruel	32	Enseñanza media de formación profesional	Hombres	353
Agosto 2013	44	Teruel	32	Enseñanza media de formación profesional	Mujeres	432
Agosto 2013	44	Teruel	41	Enseñanza superior de formación profesional	Hombres	252
Agosto 2013	44	Teruel	41	Enseñanza superior de formación profesional	Mujeres	343
Agosto 2013	44	Teruel	42	Enseñanza superior universitaria	Hombres	368
Agosto 2013	44	Teruel	42	Enseñanza superior universitaria	Mujeres	883
Agosto 2013	50	Zaragoza	10	Educación Primaria o inferior	Hombres	5795
Agosto 2013	50	Zaragoza	10	Educación Primaria o inferior	Mujeres	4777
Agosto 2013	50	Zaragoza	20	Primera etapa de educación secundaria	Hombres	23039
Agosto 2013	50	Zaragoza	20	Primera etapa de educación secundaria	Mujeres	20394
Agosto 2013	50	Zaragoza	31	Bachillerato	Hombres	3804
Agosto 2013	50	Zaragoza	31	Bachillerato	Mujeres	4432
Agosto 2013	50	Zaragoza	32	Enseñanza media de formación profesional	Hombres	2843
Agosto 2013	50	Zaragoza	32	Enseñanza media de formación profesional	Mujeres	3744
Agosto 2013	50	Zaragoza	41	Enseñanza superior de formación profesional	Hombres	2189
Agosto 2013	50	Zaragoza	41	Enseñanza superior de formación profesional	Mujeres	3048
Agosto 2013	50	Zaragoza	42	Enseñanza superior universitaria	Hombres	3619
Agosto 2013	50	Zaragoza	42	Enseñanza superior universitaria	Mujeres	7771
Julio 2013	22	Huesca	10	Educación Primaria o inferior	Hombres	1787
Julio 2013	22	Huesca	10	Educación Primaria o inferior	Mujeres	1393
Julio 2013	22	Huesca	20	Primera etapa de educación secundaria	Hombres	3636
Julio 2013	22	Huesca	20	Primera etapa de educación secundaria	Mujeres	2831
Julio 2013	22	Huesca	31	Bachillerato	Hombres	551
Julio 2013	22	Huesca	31	Bachillerato	Mujeres	658
Julio 2013	22	Huesca	32	Enseñanza media de formación profesional	Hombres	386
Julio 2013	22	Huesca	32	Enseñanza media de formación profesional	Mujeres	587
Julio 2013	22	Huesca	41	Enseñanza superior de formación profesional	Hombres	344
Julio 2013	22	Huesca	41	Enseñanza superior de formación profesional	Mujeres	522
Julio 2013	22	Huesca	42	Enseñanza superior universitaria	Hombres	603
Julio 2013	22	Huesca	42	Enseñanza superior universitaria	Mujeres	1423
Julio 2013	44	Teruel	10	Educación Primaria o inferior	Hombres	1930
Julio 2013	44	Teruel	10	Educación Primaria o inferior	Mujeres	1216
Julio 2013	44	Teruel	20	Primera etapa de educación secundaria	Hombres	2344
Julio 2013	44	Teruel	20	Primera etapa de educación secundaria	Mujeres	1771
Julio 2013	44	Teruel	31	Bachillerato	Hombres	235
Julio 2013	44	Teruel	31	Bachillerato	Mujeres	295
Julio 2013	44	Teruel	32	Enseñanza media de formación profesional	Hombres	339
Julio 2013	44	Teruel	32	Enseñanza media de formación profesional	Mujeres	432
Julio 2013	44	Teruel	41	Enseñanza superior de formación profesional	Hombres	258
Julio 2013	44	Teruel	41	Enseñanza superior de formación profesional	Mujeres	352
Julio 2013	44	Teruel	42	Enseñanza superior universitaria	Hombres	356
Julio 2013	44	Teruel	42	Enseñanza superior universitaria	Mujeres	864
Julio 2013	50	Zaragoza	10	Educación Primaria o inferior	Hombres	5833
Julio 2013	50	Zaragoza	10	Educación Primaria o inferior	Mujeres	4803
Julio 2013	50	Zaragoza	20	Primera etapa de educación secundaria	Hombres	23104
Julio 2013	50	Zaragoza	20	Primera etapa de educación secundaria	Mujeres	20552
Julio 2013	50	Zaragoza	31	Bachillerato	Hombres	3783
Julio 2013	50	Zaragoza	31	Bachillerato	Mujeres	4360
Julio 2013	50	Zaragoza	32	Enseñanza media de formación profesional	Hombres	2861
Julio 2013	50	Zaragoza	32	Enseñanza media de formación profesional	Mujeres	3753
Julio 2013	50	Zaragoza	41	Enseñanza superior de formación profesional	Hombres	2159
Julio 2013	50	Zaragoza	41	Enseñanza superior de formación profesional	Mujeres	2981
Julio 2013	50	Zaragoza	42	Enseñanza superior universitaria	Hombres	3473
Julio 2013	50	Zaragoza	42	Enseñanza superior universitaria	Mujeres	7487
Junio 2013	22	Huesca	10	Educación Primaria o inferior	Hombres	1853
Junio 2013	22	Huesca	10	Educación Primaria o inferior	Mujeres	1436
Junio 2013	22	Huesca	20	Primera etapa de educación secundaria	Hombres	3895
Junio 2013	22	Huesca	20	Primera etapa de educación secundaria	Mujeres	2967
Junio 2013	22	Huesca	31	Bachillerato	Hombres	565
Junio 2013	22	Huesca	31	Bachillerato	Mujeres	661
Junio 2013	22	Huesca	32	Enseñanza media de formación profesional	Hombres	408
Junio 2013	22	Huesca	32	Enseñanza media de formación profesional	Mujeres	631
Junio 2013	22	Huesca	41	Enseñanza superior de formación profesional	Hombres	348
Junio 2013	22	Huesca	41	Enseñanza superior de formación profesional	Mujeres	540
Junio 2013	22	Huesca	42	Enseñanza superior universitaria	Hombres	455
Junio 2013	22	Huesca	42	Enseñanza superior universitaria	Mujeres	1059
Junio 2013	44	Teruel	10	Educación Primaria o inferior	Hombres	1965
Junio 2013	44	Teruel	10	Educación Primaria o inferior	Mujeres	1273
Junio 2013	44	Teruel	20	Primera etapa de educación secundaria	Hombres	2461
Junio 2013	44	Teruel	20	Primera etapa de educación secundaria	Mujeres	1878
Junio 2013	44	Teruel	31	Bachillerato	Hombres	239
Junio 2013	44	Teruel	31	Bachillerato	Mujeres	304
Junio 2013	44	Teruel	32	Enseñanza media de formación profesional	Hombres	352
Junio 2013	44	Teruel	32	Enseñanza media de formación profesional	Mujeres	518
Junio 2013	44	Teruel	41	Enseñanza superior de formación profesional	Hombres	259
Junio 2013	44	Teruel	41	Enseñanza superior de formación profesional	Mujeres	374
Junio 2013	44	Teruel	42	Enseñanza superior universitaria	Hombres	280
Junio 2013	44	Teruel	42	Enseñanza superior universitaria	Mujeres	600
Junio 2013	50	Zaragoza	10	Educación Primaria o inferior	Hombres	5831
Junio 2013	50	Zaragoza	10	Educación Primaria o inferior	Mujeres	4803
Junio 2013	50	Zaragoza	20	Primera etapa de educación secundaria	Hombres	23740
Junio 2013	50	Zaragoza	20	Primera etapa de educación secundaria	Mujeres	21217
Junio 2013	50	Zaragoza	31	Bachillerato	Hombres	3802
Junio 2013	50	Zaragoza	31	Bachillerato	Mujeres	4212
Junio 2013	50	Zaragoza	32	Enseñanza media de formación profesional	Hombres	3001
Junio 2013	50	Zaragoza	32	Enseñanza media de formación profesional	Mujeres	4035
Junio 2013	50	Zaragoza	41	Enseñanza superior de formación profesional	Hombres	2135
Junio 2013	50	Zaragoza	41	Enseñanza superior de formación profesional	Mujeres	3024
Junio 2013	50	Zaragoza	42	Enseñanza superior universitaria	Hombres	2920
Junio 2013	50	Zaragoza	42	Enseñanza superior universitaria	Mujeres	5988
Mayo 2013	22	Huesca	10	Educación Primaria o inferior	Hombres	1902
Mayo 2013	22	Huesca	10	Educación Primaria o inferior	Mujeres	1549
Mayo 2013	22	Huesca	20	Primera etapa de educación secundaria	Hombres	4113
Mayo 2013	22	Huesca	20	Primera etapa de educación secundaria	Mujeres	3090
Mayo 2013	22	Huesca	31	Bachillerato	Hombres	611
Mayo 2013	22	Huesca	31	Bachillerato	Mujeres	711
Mayo 2013	22	Huesca	32	Enseñanza media de formación profesional	Hombres	426
Mayo 2013	22	Huesca	32	Enseñanza media de formación profesional	Mujeres	689
Mayo 2013	22	Huesca	41	Enseñanza superior de formación profesional	Hombres	348
Mayo 2013	22	Huesca	41	Enseñanza superior de formación profesional	Mujeres	566
Mayo 2013	22	Huesca	42	Enseñanza superior universitaria	Hombres	508
Mayo 2013	22	Huesca	42	Enseñanza superior universitaria	Mujeres	1142
Mayo 2013	44	Teruel	10	Educación Primaria o inferior	Hombres	2102
Mayo 2013	44	Teruel	10	Educación Primaria o inferior	Mujeres	1335
Mayo 2013	44	Teruel	20	Primera etapa de educación secundaria	Hombres	2595
Mayo 2013	44	Teruel	20	Primera etapa de educación secundaria	Mujeres	1977
Mayo 2013	44	Teruel	31	Bachillerato	Hombres	268
Mayo 2013	44	Teruel	31	Bachillerato	Mujeres	320
Mayo 2013	44	Teruel	32	Enseñanza media de formación profesional	Hombres	380
Mayo 2013	44	Teruel	32	Enseñanza media de formación profesional	Mujeres	558
Mayo 2013	44	Teruel	41	Enseñanza superior de formación profesional	Hombres	250
Mayo 2013	44	Teruel	41	Enseñanza superior de formación profesional	Mujeres	401
Mayo 2013	44	Teruel	42	Enseñanza superior universitaria	Hombres	280
Mayo 2013	44	Teruel	42	Enseñanza superior universitaria	Mujeres	700
Mayo 2013	50	Zaragoza	10	Educación Primaria o inferior	Hombres	6173
Mayo 2013	50	Zaragoza	10	Educación Primaria o inferior	Mujeres	4982
Mayo 2013	50	Zaragoza	20	Primera etapa de educación secundaria	Hombres	24952
Mayo 2013	50	Zaragoza	20	Primera etapa de educación secundaria	Mujeres	21637
Mayo 2013	50	Zaragoza	31	Bachillerato	Hombres	3972
Mayo 2013	50	Zaragoza	31	Bachillerato	Mujeres	4307
Mayo 2013	50	Zaragoza	32	Enseñanza media de formación profesional	Hombres	3143
Mayo 2013	50	Zaragoza	32	Enseñanza media de formación profesional	Mujeres	4255
Mayo 2013	50	Zaragoza	41	Enseñanza superior de formación profesional	Hombres	2198
Mayo 2013	50	Zaragoza	41	Enseñanza superior de formación profesional	Mujeres	3093
Mayo 2013	50	Zaragoza	42	Enseñanza superior universitaria	Hombres	3070
Mayo 2013	50	Zaragoza	42	Enseñanza superior universitaria	Mujeres	6160
Abril 2013	22	Huesca	10	Educación Primaria o inferior	Hombres	2291
Abril 2013	22	Huesca	10	Educación Primaria o inferior	Mujeres	1706
Abril 2013	22	Huesca	20	Primera etapa de educación secundaria	Hombres	4274
Abril 2013	22	Huesca	20	Primera etapa de educación secundaria	Mujeres	3100
Abril 2013	22	Huesca	31	Bachillerato	Hombres	588
Abril 2013	22	Huesca	31	Bachillerato	Mujeres	698
Abril 2013	22	Huesca	32	Enseñanza media de formación profesional	Hombres	446
Abril 2013	22	Huesca	32	Enseñanza media de formación profesional	Mujeres	661
Abril 2013	22	Huesca	41	Enseñanza superior de formación profesional	Hombres	345
Abril 2013	22	Huesca	41	Enseñanza superior de formación profesional	Mujeres	559
Abril 2013	22	Huesca	42	Enseñanza superior universitaria	Hombres	493
Abril 2013	22	Huesca	42	Enseñanza superior universitaria	Mujeres	1089
Abril 2013	44	Teruel	10	Educación Primaria o inferior	Hombres	2274
Abril 2013	44	Teruel	10	Educación Primaria o inferior	Mujeres	1439
Abril 2013	44	Teruel	20	Primera etapa de educación secundaria	Hombres	2605
Abril 2013	44	Teruel	20	Primera etapa de educación secundaria	Mujeres	1984
Abril 2013	44	Teruel	31	Bachillerato	Hombres	251
Abril 2013	44	Teruel	31	Bachillerato	Mujeres	299
Abril 2013	44	Teruel	32	Enseñanza media de formación profesional	Hombres	394
Abril 2013	44	Teruel	32	Enseñanza media de formación profesional	Mujeres	568
Abril 2013	44	Teruel	41	Enseñanza superior de formación profesional	Hombres	245
Abril 2013	44	Teruel	41	Enseñanza superior de formación profesional	Mujeres	385
Abril 2013	44	Teruel	42	Enseñanza superior universitaria	Hombres	267
Abril 2013	44	Teruel	42	Enseñanza superior universitaria	Mujeres	666
Abril 2013	50	Zaragoza	10	Educación Primaria o inferior	Hombres	6561
Abril 2013	50	Zaragoza	10	Educación Primaria o inferior	Mujeres	5126
Abril 2013	50	Zaragoza	20	Primera etapa de educación secundaria	Hombres	25629
Abril 2013	50	Zaragoza	20	Primera etapa de educación secundaria	Mujeres	21851
Abril 2013	50	Zaragoza	31	Bachillerato	Hombres	3893
Abril 2013	50	Zaragoza	31	Bachillerato	Mujeres	4305
Abril 2013	50	Zaragoza	32	Enseñanza media de formación profesional	Hombres	3083
Abril 2013	50	Zaragoza	32	Enseñanza media de formación profesional	Mujeres	4303
Abril 2013	50	Zaragoza	41	Enseñanza superior de formación profesional	Hombres	2140
Abril 2013	50	Zaragoza	41	Enseñanza superior de formación profesional	Mujeres	3043
Abril 2013	50	Zaragoza	42	Enseñanza superior universitaria	Hombres	3049
Abril 2013	50	Zaragoza	42	Enseñanza superior universitaria	Mujeres	6103
Marzo 2013	22	Huesca	10	Educación Primaria o inferior	Hombres	2304
Marzo 2013	22	Huesca	10	Educación Primaria o inferior	Mujeres	1766
Marzo 2013	22	Huesca	20	Primera etapa de educación secundaria	Hombres	4284
Marzo 2013	22	Huesca	20	Primera etapa de educación secundaria	Mujeres	3109
Marzo 2013	22	Huesca	31	Bachillerato	Hombres	573
Marzo 2013	22	Huesca	31	Bachillerato	Mujeres	668
Marzo 2013	22	Huesca	32	Enseñanza media de formación profesional	Hombres	438
Marzo 2013	22	Huesca	32	Enseñanza media de formación profesional	Mujeres	662
Marzo 2013	22	Huesca	41	Enseñanza superior de formación profesional	Hombres	342
Marzo 2013	22	Huesca	41	Enseñanza superior de formación profesional	Mujeres	534
Marzo 2013	22	Huesca	42	Enseñanza superior universitaria	Hombres	488
Marzo 2013	22	Huesca	42	Enseñanza superior universitaria	Mujeres	1056
Marzo 2013	44	Teruel	10	Educación Primaria o inferior	Hombres	2412
Marzo 2013	44	Teruel	10	Educación Primaria o inferior	Mujeres	1474
Marzo 2013	44	Teruel	20	Primera etapa de educación secundaria	Hombres	2659
Marzo 2013	44	Teruel	20	Primera etapa de educación secundaria	Mujeres	1956
Marzo 2013	44	Teruel	31	Bachillerato	Hombres	253
Marzo 2013	44	Teruel	31	Bachillerato	Mujeres	288
Marzo 2013	44	Teruel	32	Enseñanza media de formación profesional	Hombres	407
Marzo 2013	44	Teruel	32	Enseñanza media de formación profesional	Mujeres	556
Marzo 2013	44	Teruel	41	Enseñanza superior de formación profesional	Hombres	222
Marzo 2013	44	Teruel	41	Enseñanza superior de formación profesional	Mujeres	366
Marzo 2013	44	Teruel	42	Enseñanza superior universitaria	Hombres	256
Marzo 2013	44	Teruel	42	Enseñanza superior universitaria	Mujeres	669
Marzo 2013	50	Zaragoza	10	Educación Primaria o inferior	Hombres	6589
Marzo 2013	50	Zaragoza	10	Educación Primaria o inferior	Mujeres	5200
Marzo 2013	50	Zaragoza	20	Primera etapa de educación secundaria	Hombres	25878
Marzo 2013	50	Zaragoza	20	Primera etapa de educación secundaria	Mujeres	21767
Marzo 2013	50	Zaragoza	31	Bachillerato	Hombres	3886
Marzo 2013	50	Zaragoza	31	Bachillerato	Mujeres	4267
Marzo 2013	50	Zaragoza	32	Enseñanza media de formación profesional	Hombres	3016
Marzo 2013	50	Zaragoza	32	Enseñanza media de formación profesional	Mujeres	4265
Marzo 2013	50	Zaragoza	41	Enseñanza superior de formación profesional	Hombres	2099
Marzo 2013	50	Zaragoza	41	Enseñanza superior de formación profesional	Mujeres	2983
Marzo 2013	50	Zaragoza	42	Enseñanza superior universitaria	Hombres	3026
Marzo 2013	50	Zaragoza	42	Enseñanza superior universitaria	Mujeres	6137
Febrero 2013	22	Huesca	10	Educación Primaria o inferior	Hombres	2287
Febrero 2013	22	Huesca	10	Educación Primaria o inferior	Mujeres	1788
Febrero 2013	22	Huesca	20	Primera etapa de educación secundaria	Hombres	4262
Febrero 2013	22	Huesca	20	Primera etapa de educación secundaria	Mujeres	3129
Febrero 2013	22	Huesca	31	Bachillerato	Hombres	585
Febrero 2013	22	Huesca	31	Bachillerato	Mujeres	669
Febrero 2013	22	Huesca	32	Enseñanza media de formación profesional	Hombres	440
Febrero 2013	22	Huesca	32	Enseñanza media de formación profesional	Mujeres	667
Febrero 2013	22	Huesca	41	Enseñanza superior de formación profesional	Hombres	350
Febrero 2013	22	Huesca	41	Enseñanza superior de formación profesional	Mujeres	527
Febrero 2013	22	Huesca	42	Enseñanza superior universitaria	Hombres	483
Febrero 2013	22	Huesca	42	Enseñanza superior universitaria	Mujeres	1053
Febrero 2013	44	Teruel	10	Educación Primaria o inferior	Hombres	2417
Febrero 2013	44	Teruel	10	Educación Primaria o inferior	Mujeres	1500
Febrero 2013	44	Teruel	20	Primera etapa de educación secundaria	Hombres	2650
Febrero 2013	44	Teruel	20	Primera etapa de educación secundaria	Mujeres	1955
Febrero 2013	44	Teruel	31	Bachillerato	Hombres	252
Febrero 2013	44	Teruel	31	Bachillerato	Mujeres	286
Febrero 2013	44	Teruel	32	Enseñanza media de formación profesional	Hombres	396
Febrero 2013	44	Teruel	32	Enseñanza media de formación profesional	Mujeres	569
Febrero 2013	44	Teruel	41	Enseñanza superior de formación profesional	Hombres	226
Febrero 2013	44	Teruel	41	Enseñanza superior de formación profesional	Mujeres	358
Febrero 2013	44	Teruel	42	Enseñanza superior universitaria	Hombres	266
Febrero 2013	44	Teruel	42	Enseñanza superior universitaria	Mujeres	663
Febrero 2013	50	Zaragoza	10	Educación Primaria o inferior	Hombres	6498
Febrero 2013	50	Zaragoza	10	Educación Primaria o inferior	Mujeres	5113
Febrero 2013	50	Zaragoza	20	Primera etapa de educación secundaria	Hombres	25665
Febrero 2013	50	Zaragoza	20	Primera etapa de educación secundaria	Mujeres	21716
Febrero 2013	50	Zaragoza	31	Bachillerato	Hombres	3866
Febrero 2013	50	Zaragoza	31	Bachillerato	Mujeres	4240
Febrero 2013	50	Zaragoza	32	Enseñanza media de formación profesional	Hombres	2997
Febrero 2013	50	Zaragoza	32	Enseñanza media de formación profesional	Mujeres	4214
Febrero 2013	50	Zaragoza	41	Enseñanza superior de formación profesional	Hombres	2042
Febrero 2013	50	Zaragoza	41	Enseñanza superior de formación profesional	Mujeres	2958
Febrero 2013	50	Zaragoza	42	Enseñanza superior universitaria	Hombres	2978
Febrero 2013	50	Zaragoza	42	Enseñanza superior universitaria	Mujeres	6108
Enero 2013	22	Huesca	10	Educación Primaria o inferior	Hombres	2287
Enero 2013	22	Huesca	10	Educación Primaria o inferior	Mujeres	1757
Enero 2013	22	Huesca	20	Primera etapa de educación secundaria	Hombres	4273
Enero 2013	22	Huesca	20	Primera etapa de educación secundaria	Mujeres	3125
Enero 2013	22	Huesca	31	Bachillerato	Hombres	594
Enero 2013	22	Huesca	31	Bachillerato	Mujeres	666
Enero 2013	22	Huesca	32	Enseñanza media de formación profesional	Hombres	430
Enero 2013	22	Huesca	32	Enseñanza media de formación profesional	Mujeres	644
Enero 2013	22	Huesca	41	Enseñanza superior de formación profesional	Hombres	350
Enero 2013	22	Huesca	41	Enseñanza superior de formación profesional	Mujeres	543
Enero 2013	22	Huesca	42	Enseñanza superior universitaria	Hombres	490
Enero 2013	22	Huesca	42	Enseñanza superior universitaria	Mujeres	1079
Enero 2013	44	Teruel	10	Educación Primaria o inferior	Hombres	2417
Enero 2013	44	Teruel	10	Educación Primaria o inferior	Mujeres	1542
Enero 2013	44	Teruel	20	Primera etapa de educación secundaria	Hombres	2515
Enero 2013	44	Teruel	20	Primera etapa de educación secundaria	Mujeres	1901
Enero 2013	44	Teruel	31	Bachillerato	Hombres	244
Enero 2013	44	Teruel	31	Bachillerato	Mujeres	282
Enero 2013	44	Teruel	32	Enseñanza media de formación profesional	Hombres	383
Enero 2013	44	Teruel	32	Enseñanza media de formación profesional	Mujeres	550
Enero 2013	44	Teruel	41	Enseñanza superior de formación profesional	Hombres	230
Enero 2013	44	Teruel	41	Enseñanza superior de formación profesional	Mujeres	366
Enero 2013	44	Teruel	42	Enseñanza superior universitaria	Hombres	275
Enero 2013	44	Teruel	42	Enseñanza superior universitaria	Mujeres	655
Enero 2013	50	Zaragoza	10	Educación Primaria o inferior	Hombres	6312
Enero 2013	50	Zaragoza	10	Educación Primaria o inferior	Mujeres	4924
Enero 2013	50	Zaragoza	20	Primera etapa de educación secundaria	Hombres	25240
Enero 2013	50	Zaragoza	20	Primera etapa de educación secundaria	Mujeres	21450
Enero 2013	50	Zaragoza	31	Bachillerato	Hombres	3820
Enero 2013	50	Zaragoza	31	Bachillerato	Mujeres	4150
Enero 2013	50	Zaragoza	32	Enseñanza media de formación profesional	Hombres	2929
Enero 2013	50	Zaragoza	32	Enseñanza media de formación profesional	Mujeres	4129
Enero 2013	50	Zaragoza	41	Enseñanza superior de formación profesional	Hombres	2045
Enero 2013	50	Zaragoza	41	Enseñanza superior de formación profesional	Mujeres	2906
Enero 2013	50	Zaragoza	42	Enseñanza superior universitaria	Hombres	3003
Enero 2013	50	Zaragoza	42	Enseñanza superior universitaria	Mujeres	6199
Diciembre 2012	22	Huesca	10	Educación Primaria o inferior	Hombres	2207
Diciembre 2012	22	Huesca	10	Educación Primaria o inferior	Mujeres	1655
Diciembre 2012	22	Huesca	20	Primera etapa de educación secundaria	Hombres	4091
Diciembre 2012	22	Huesca	20	Primera etapa de educación secundaria	Mujeres	3013
Diciembre 2012	22	Huesca	31	Bachillerato	Hombres	557
Diciembre 2012	22	Huesca	31	Bachillerato	Mujeres	668
Diciembre 2012	22	Huesca	32	Enseñanza media de formación profesional	Hombres	428
Diciembre 2012	22	Huesca	32	Enseñanza media de formación profesional	Mujeres	579
Diciembre 2012	22	Huesca	41	Enseñanza superior de formación profesional	Hombres	338
Diciembre 2012	22	Huesca	41	Enseñanza superior de formación profesional	Mujeres	513
Diciembre 2012	22	Huesca	42	Enseñanza superior universitaria	Hombres	472
Diciembre 2012	22	Huesca	42	Enseñanza superior universitaria	Mujeres	1015
Diciembre 2012	44	Teruel	10	Educación Primaria o inferior	Hombres	2329
Diciembre 2012	44	Teruel	10	Educación Primaria o inferior	Mujeres	1483
Diciembre 2012	44	Teruel	20	Primera etapa de educación secundaria	Hombres	2354
Diciembre 2012	44	Teruel	20	Primera etapa de educación secundaria	Mujeres	1801
Diciembre 2012	44	Teruel	31	Bachillerato	Hombres	234
Diciembre 2012	44	Teruel	31	Bachillerato	Mujeres	287
Diciembre 2012	44	Teruel	32	Enseñanza media de formación profesional	Hombres	391
Diciembre 2012	44	Teruel	32	Enseñanza media de formación profesional	Mujeres	494
Diciembre 2012	44	Teruel	41	Enseñanza superior de formación profesional	Hombres	230
Diciembre 2012	44	Teruel	41	Enseñanza superior de formación profesional	Mujeres	331
Diciembre 2012	44	Teruel	42	Enseñanza superior universitaria	Hombres	278
Diciembre 2012	44	Teruel	42	Enseñanza superior universitaria	Mujeres	613
Diciembre 2012	50	Zaragoza	10	Educación Primaria o inferior	Hombres	6139
Diciembre 2012	50	Zaragoza	10	Educación Primaria o inferior	Mujeres	4887
Diciembre 2012	50	Zaragoza	20	Primera etapa de educación secundaria	Hombres	24532
Diciembre 2012	50	Zaragoza	20	Primera etapa de educación secundaria	Mujeres	20793
Diciembre 2012	50	Zaragoza	31	Bachillerato	Hombres	3734
Diciembre 2012	50	Zaragoza	31	Bachillerato	Mujeres	4062
Diciembre 2012	50	Zaragoza	32	Enseñanza media de formación profesional	Hombres	2855
Diciembre 2012	50	Zaragoza	32	Enseñanza media de formación profesional	Mujeres	3767
Diciembre 2012	50	Zaragoza	41	Enseñanza superior de formación profesional	Hombres	2048
Diciembre 2012	50	Zaragoza	41	Enseñanza superior de formación profesional	Mujeres	2756
Diciembre 2012	50	Zaragoza	42	Enseñanza superior universitaria	Hombres	2878
Diciembre 2012	50	Zaragoza	42	Enseñanza superior universitaria	Mujeres	5709
Noviembre 2012	22	Huesca	10	Educación Primaria o inferior	Hombres	2319
Noviembre 2012	22	Huesca	10	Educación Primaria o inferior	Mujeres	1746
Noviembre 2012	22	Huesca	20	Primera etapa de educación secundaria	Hombres	4199
Noviembre 2012	22	Huesca	20	Primera etapa de educación secundaria	Mujeres	3186
Noviembre 2012	22	Huesca	31	Bachillerato	Hombres	590
Noviembre 2012	22	Huesca	31	Bachillerato	Mujeres	716
Noviembre 2012	22	Huesca	32	Enseñanza media de formación profesional	Hombres	482
Noviembre 2012	22	Huesca	32	Enseñanza media de formación profesional	Mujeres	659
Noviembre 2012	22	Huesca	41	Enseñanza superior de formación profesional	Hombres	374
Noviembre 2012	22	Huesca	41	Enseñanza superior de formación profesional	Mujeres	556
Noviembre 2012	22	Huesca	42	Enseñanza superior universitaria	Hombres	473
Noviembre 2012	22	Huesca	42	Enseñanza superior universitaria	Mujeres	1061
Noviembre 2012	44	Teruel	10	Educación Primaria o inferior	Hombres	2294
Noviembre 2012	44	Teruel	10	Educación Primaria o inferior	Mujeres	1501
Noviembre 2012	44	Teruel	20	Primera etapa de educación secundaria	Hombres	2360
Noviembre 2012	44	Teruel	20	Primera etapa de educación secundaria	Mujeres	1890
Noviembre 2012	44	Teruel	31	Bachillerato	Hombres	263
Noviembre 2012	44	Teruel	31	Bachillerato	Mujeres	317
Noviembre 2012	44	Teruel	32	Enseñanza media de formación profesional	Hombres	395
Noviembre 2012	44	Teruel	32	Enseñanza media de formación profesional	Mujeres	532
Noviembre 2012	44	Teruel	41	Enseñanza superior de formación profesional	Hombres	250
Noviembre 2012	44	Teruel	41	Enseñanza superior de formación profesional	Mujeres	352
Noviembre 2012	44	Teruel	42	Enseñanza superior universitaria	Hombres	293
Noviembre 2012	44	Teruel	42	Enseñanza superior universitaria	Mujeres	669
Noviembre 2012	50	Zaragoza	10	Educación Primaria o inferior	Hombres	6118
Noviembre 2012	50	Zaragoza	10	Educación Primaria o inferior	Mujeres	4902
Noviembre 2012	50	Zaragoza	20	Primera etapa de educación secundaria	Hombres	24133
Noviembre 2012	50	Zaragoza	20	Primera etapa de educación secundaria	Mujeres	21009
Noviembre 2012	50	Zaragoza	31	Bachillerato	Hombres	3694
Noviembre 2012	50	Zaragoza	31	Bachillerato	Mujeres	4072
Noviembre 2012	50	Zaragoza	32	Enseñanza media de formación profesional	Hombres	2746
Noviembre 2012	50	Zaragoza	32	Enseñanza media de formación profesional	Mujeres	3928
Noviembre 2012	50	Zaragoza	41	Enseñanza superior de formación profesional	Hombres	1952
Noviembre 2012	50	Zaragoza	41	Enseñanza superior de formación profesional	Mujeres	2788
Noviembre 2012	50	Zaragoza	42	Enseñanza superior universitaria	Hombres	2829
Noviembre 2012	50	Zaragoza	42	Enseñanza superior universitaria	Mujeres	5788
Octubre 2012	22	Huesca	10	Educación Primaria o inferior	Hombres	2348
Octubre 2012	22	Huesca	10	Educación Primaria o inferior	Mujeres	1706
Octubre 2012	22	Huesca	20	Primera etapa de educación secundaria	Hombres	4197
Octubre 2012	22	Huesca	20	Primera etapa de educación secundaria	Mujeres	3092
Octubre 2012	22	Huesca	31	Bachillerato	Hombres	602
Octubre 2012	22	Huesca	31	Bachillerato	Mujeres	726
Octubre 2012	22	Huesca	32	Enseñanza media de formación profesional	Hombres	474
Octubre 2012	22	Huesca	32	Enseñanza media de formación profesional	Mujeres	633
Octubre 2012	22	Huesca	41	Enseñanza superior de formación profesional	Hombres	390
Octubre 2012	22	Huesca	41	Enseñanza superior de formación profesional	Mujeres	547
Octubre 2012	22	Huesca	42	Enseñanza superior universitaria	Hombres	497
Octubre 2012	22	Huesca	42	Enseñanza superior universitaria	Mujeres	1103
Octubre 2012	44	Teruel	10	Educación Primaria o inferior	Hombres	2239
Octubre 2012	44	Teruel	10	Educación Primaria o inferior	Mujeres	1356
Octubre 2012	44	Teruel	20	Primera etapa de educación secundaria	Hombres	2310
Octubre 2012	44	Teruel	20	Primera etapa de educación secundaria	Mujeres	1792
Octubre 2012	44	Teruel	31	Bachillerato	Hombres	263
Octubre 2012	44	Teruel	31	Bachillerato	Mujeres	326
Octubre 2012	44	Teruel	32	Enseñanza media de formación profesional	Hombres	376
Octubre 2012	44	Teruel	32	Enseñanza media de formación profesional	Mujeres	529
Octubre 2012	44	Teruel	41	Enseñanza superior de formación profesional	Hombres	244
Octubre 2012	44	Teruel	41	Enseñanza superior de formación profesional	Mujeres	349
Octubre 2012	44	Teruel	42	Enseñanza superior universitaria	Hombres	302
Octubre 2012	44	Teruel	42	Enseñanza superior universitaria	Mujeres	686
Octubre 2012	50	Zaragoza	10	Educación Primaria o inferior	Hombres	6040
Octubre 2012	50	Zaragoza	10	Educación Primaria o inferior	Mujeres	4719
Octubre 2012	50	Zaragoza	20	Primera etapa de educación secundaria	Hombres	23908
Octubre 2012	50	Zaragoza	20	Primera etapa de educación secundaria	Mujeres	20731
Octubre 2012	50	Zaragoza	31	Bachillerato	Hombres	3731
Octubre 2012	50	Zaragoza	31	Bachillerato	Mujeres	4132
Octubre 2012	50	Zaragoza	32	Enseñanza media de formación profesional	Hombres	2739
Octubre 2012	50	Zaragoza	32	Enseñanza media de formación profesional	Mujeres	3905
Octubre 2012	50	Zaragoza	41	Enseñanza superior de formación profesional	Hombres	1964
Octubre 2012	50	Zaragoza	41	Enseñanza superior de formación profesional	Mujeres	2895
Octubre 2012	50	Zaragoza	42	Enseñanza superior universitaria	Hombres	2911
Octubre 2012	50	Zaragoza	42	Enseñanza superior universitaria	Mujeres	5999
Septiembre 2012	22	Huesca	10	Educación Primaria o inferior	Hombres	2200
Septiembre 2012	22	Huesca	10	Educación Primaria o inferior	Mujeres	1620
Septiembre 2012	22	Huesca	20	Primera etapa de educación secundaria	Hombres	4066
Septiembre 2012	22	Huesca	20	Primera etapa de educación secundaria	Mujeres	2940
Septiembre 2012	22	Huesca	31	Bachillerato	Hombres	597
Septiembre 2012	22	Huesca	31	Bachillerato	Mujeres	705
Septiembre 2012	22	Huesca	32	Enseñanza media de formación profesional	Hombres	439
Septiembre 2012	22	Huesca	32	Enseñanza media de formación profesional	Mujeres	576
Septiembre 2012	22	Huesca	41	Enseñanza superior de formación profesional	Hombres	355
Septiembre 2012	22	Huesca	41	Enseñanza superior de formación profesional	Mujeres	540
Septiembre 2012	22	Huesca	42	Enseñanza superior universitaria	Hombres	493
Septiembre 2012	22	Huesca	42	Enseñanza superior universitaria	Mujeres	1095
Septiembre 2012	44	Teruel	10	Educación Primaria o inferior	Hombres	2213
Septiembre 2012	44	Teruel	10	Educación Primaria o inferior	Mujeres	1312
Septiembre 2012	44	Teruel	20	Primera etapa de educación secundaria	Hombres	2134
Septiembre 2012	44	Teruel	20	Primera etapa de educación secundaria	Mujeres	1650
Septiembre 2012	44	Teruel	31	Bachillerato	Hombres	257
Septiembre 2012	44	Teruel	31	Bachillerato	Mujeres	308
Septiembre 2012	44	Teruel	32	Enseñanza media de formación profesional	Hombres	351
Septiembre 2012	44	Teruel	32	Enseñanza media de formación profesional	Mujeres	447
Septiembre 2012	44	Teruel	41	Enseñanza superior de formación profesional	Hombres	248
Septiembre 2012	44	Teruel	41	Enseñanza superior de formación profesional	Mujeres	333
Septiembre 2012	44	Teruel	42	Enseñanza superior universitaria	Hombres	286
Septiembre 2012	44	Teruel	42	Enseñanza superior universitaria	Mujeres	661
Septiembre 2012	50	Zaragoza	10	Educación Primaria o inferior	Hombres	5639
Septiembre 2012	50	Zaragoza	10	Educación Primaria o inferior	Mujeres	4511
Septiembre 2012	50	Zaragoza	20	Primera etapa de educación secundaria	Hombres	22876
Septiembre 2012	50	Zaragoza	20	Primera etapa de educación secundaria	Mujeres	20290
Septiembre 2012	50	Zaragoza	31	Bachillerato	Hombres	3705
Septiembre 2012	50	Zaragoza	31	Bachillerato	Mujeres	4150
Septiembre 2012	50	Zaragoza	32	Enseñanza media de formación profesional	Hombres	2639
Septiembre 2012	50	Zaragoza	32	Enseñanza media de formación profesional	Mujeres	3644
Septiembre 2012	50	Zaragoza	41	Enseñanza superior de formación profesional	Hombres	1900
Septiembre 2012	50	Zaragoza	41	Enseñanza superior de formación profesional	Mujeres	2816
Septiembre 2012	50	Zaragoza	42	Enseñanza superior universitaria	Hombres	2926
Septiembre 2012	50	Zaragoza	42	Enseñanza superior universitaria	Mujeres	5908
Agosto 2012	22	Huesca	10	Educación Primaria o inferior	Hombres	1966
Agosto 2012	22	Huesca	10	Educación Primaria o inferior	Mujeres	1418
Agosto 2012	22	Huesca	20	Primera etapa de educación secundaria	Hombres	3834
Agosto 2012	22	Huesca	20	Primera etapa de educación secundaria	Mujeres	2781
Agosto 2012	22	Huesca	31	Bachillerato	Hombres	552
Agosto 2012	22	Huesca	31	Bachillerato	Mujeres	639
Agosto 2012	22	Huesca	32	Enseñanza media de formación profesional	Hombres	382
Agosto 2012	22	Huesca	32	Enseñanza media de formación profesional	Mujeres	537
Agosto 2012	22	Huesca	41	Enseñanza superior de formación profesional	Hombres	326
Agosto 2012	22	Huesca	41	Enseñanza superior de formación profesional	Mujeres	533
Agosto 2012	22	Huesca	42	Enseñanza superior universitaria	Hombres	458
Agosto 2012	22	Huesca	42	Enseñanza superior universitaria	Mujeres	1002
Agosto 2012	44	Teruel	10	Educación Primaria o inferior	Hombres	2253
Agosto 2012	44	Teruel	10	Educación Primaria o inferior	Mujeres	1282
Agosto 2012	44	Teruel	20	Primera etapa de educación secundaria	Hombres	2107
Agosto 2012	44	Teruel	20	Primera etapa de educación secundaria	Mujeres	1522
Agosto 2012	44	Teruel	31	Bachillerato	Hombres	237
Agosto 2012	44	Teruel	31	Bachillerato	Mujeres	287
Agosto 2012	44	Teruel	32	Enseñanza media de formación profesional	Hombres	346
Agosto 2012	44	Teruel	32	Enseñanza media de formación profesional	Mujeres	404
Agosto 2012	44	Teruel	41	Enseñanza superior de formación profesional	Hombres	238
Agosto 2012	44	Teruel	41	Enseñanza superior de formación profesional	Mujeres	293
Agosto 2012	44	Teruel	42	Enseñanza superior universitaria	Hombres	260
Agosto 2012	44	Teruel	42	Enseñanza superior universitaria	Mujeres	584
Agosto 2012	50	Zaragoza	10	Educación Primaria o inferior	Hombres	5556
Agosto 2012	50	Zaragoza	10	Educación Primaria o inferior	Mujeres	4429
Agosto 2012	50	Zaragoza	20	Primera etapa de educación secundaria	Hombres	22631
Agosto 2012	50	Zaragoza	20	Primera etapa de educación secundaria	Mujeres	20172
Agosto 2012	50	Zaragoza	31	Bachillerato	Hombres	3677
Agosto 2012	50	Zaragoza	31	Bachillerato	Mujeres	4207
Agosto 2012	50	Zaragoza	32	Enseñanza media de formación profesional	Hombres	2592
Agosto 2012	50	Zaragoza	32	Enseñanza media de formación profesional	Mujeres	3542
Agosto 2012	50	Zaragoza	41	Enseñanza superior de formación profesional	Hombres	1868
Agosto 2012	50	Zaragoza	41	Enseñanza superior de formación profesional	Mujeres	2852
Agosto 2012	50	Zaragoza	42	Enseñanza superior universitaria	Hombres	2816
Agosto 2012	50	Zaragoza	42	Enseñanza superior universitaria	Mujeres	5786
Julio 2012	22	Huesca	10	Educación Primaria o inferior	Hombres	1965
Julio 2012	22	Huesca	10	Educación Primaria o inferior	Mujeres	1360
Julio 2012	22	Huesca	20	Primera etapa de educación secundaria	Hombres	3865
Julio 2012	22	Huesca	20	Primera etapa de educación secundaria	Mujeres	2800
Julio 2012	22	Huesca	31	Bachillerato	Hombres	543
Julio 2012	22	Huesca	31	Bachillerato	Mujeres	620
Julio 2012	22	Huesca	32	Enseñanza media de formación profesional	Hombres	388
Julio 2012	22	Huesca	32	Enseñanza media de formación profesional	Mujeres	531
Julio 2012	22	Huesca	41	Enseñanza superior de formación profesional	Hombres	324
Julio 2012	22	Huesca	41	Enseñanza superior de formación profesional	Mujeres	529
Julio 2012	22	Huesca	42	Enseñanza superior universitaria	Hombres	436
Julio 2012	22	Huesca	42	Enseñanza superior universitaria	Mujeres	935
Julio 2012	44	Teruel	10	Educación Primaria o inferior	Hombres	2238
Julio 2012	44	Teruel	10	Educación Primaria o inferior	Mujeres	1323
Julio 2012	44	Teruel	20	Primera etapa de educación secundaria	Hombres	2035
Julio 2012	44	Teruel	20	Primera etapa de educación secundaria	Mujeres	1537
Julio 2012	44	Teruel	31	Bachillerato	Hombres	241
Julio 2012	44	Teruel	31	Bachillerato	Mujeres	281
Julio 2012	44	Teruel	32	Enseñanza media de formación profesional	Hombres	360
Julio 2012	44	Teruel	32	Enseñanza media de formación profesional	Mujeres	397
Julio 2012	44	Teruel	41	Enseñanza superior de formación profesional	Hombres	232
Julio 2012	44	Teruel	41	Enseñanza superior de formación profesional	Mujeres	295
Julio 2012	44	Teruel	42	Enseñanza superior universitaria	Hombres	251
Julio 2012	44	Teruel	42	Enseñanza superior universitaria	Mujeres	562
Julio 2012	50	Zaragoza	10	Educación Primaria o inferior	Hombres	5719
Julio 2012	50	Zaragoza	10	Educación Primaria o inferior	Mujeres	4465
Julio 2012	50	Zaragoza	20	Primera etapa de educación secundaria	Hombres	22751
Julio 2012	50	Zaragoza	20	Primera etapa de educación secundaria	Mujeres	20336
Julio 2012	50	Zaragoza	31	Bachillerato	Hombres	3651
Julio 2012	50	Zaragoza	31	Bachillerato	Mujeres	4134
Julio 2012	50	Zaragoza	32	Enseñanza media de formación profesional	Hombres	2556
Julio 2012	50	Zaragoza	32	Enseñanza media de formación profesional	Mujeres	3429
Julio 2012	50	Zaragoza	41	Enseñanza superior de formación profesional	Hombres	1829
Julio 2012	50	Zaragoza	41	Enseñanza superior de formación profesional	Mujeres	2738
Julio 2012	50	Zaragoza	42	Enseñanza superior universitaria	Hombres	2652
Julio 2012	50	Zaragoza	42	Enseñanza superior universitaria	Mujeres	5476
Junio 2012	22	Huesca	10	Educación Primaria o inferior	Hombres	2004
Junio 2012	22	Huesca	10	Educación Primaria o inferior	Mujeres	1372
Junio 2012	22	Huesca	20	Primera etapa de educación secundaria	Hombres	3959
Junio 2012	22	Huesca	20	Primera etapa de educación secundaria	Mujeres	2893
Junio 2012	22	Huesca	31	Bachillerato	Hombres	553
Junio 2012	22	Huesca	31	Bachillerato	Mujeres	642
Junio 2012	22	Huesca	32	Enseñanza media de formación profesional	Hombres	435
Junio 2012	22	Huesca	32	Enseñanza media de formación profesional	Mujeres	582
Junio 2012	22	Huesca	41	Enseñanza superior de formación profesional	Hombres	332
Junio 2012	22	Huesca	41	Enseñanza superior de formación profesional	Mujeres	506
Junio 2012	22	Huesca	42	Enseñanza superior universitaria	Hombres	404
Junio 2012	22	Huesca	42	Enseñanza superior universitaria	Mujeres	898
Junio 2012	44	Teruel	10	Educación Primaria o inferior	Hombres	2227
Junio 2012	44	Teruel	10	Educación Primaria o inferior	Mujeres	1407
Junio 2012	44	Teruel	20	Primera etapa de educación secundaria	Hombres	2011
Junio 2012	44	Teruel	20	Primera etapa de educación secundaria	Mujeres	1603
Junio 2012	44	Teruel	31	Bachillerato	Hombres	247
Junio 2012	44	Teruel	31	Bachillerato	Mujeres	286
Junio 2012	44	Teruel	32	Enseñanza media de formación profesional	Hombres	365
Junio 2012	44	Teruel	32	Enseñanza media de formación profesional	Mujeres	477
Junio 2012	44	Teruel	41	Enseñanza superior de formación profesional	Hombres	229
Junio 2012	44	Teruel	41	Enseñanza superior de formación profesional	Mujeres	297
Junio 2012	44	Teruel	42	Enseñanza superior universitaria	Hombres	231
Junio 2012	44	Teruel	42	Enseñanza superior universitaria	Mujeres	534
Junio 2012	50	Zaragoza	10	Educación Primaria o inferior	Hombres	5677
Junio 2012	50	Zaragoza	10	Educación Primaria o inferior	Mujeres	4548
Junio 2012	50	Zaragoza	20	Primera etapa de educación secundaria	Hombres	23120
Junio 2012	50	Zaragoza	20	Primera etapa de educación secundaria	Mujeres	20925
Junio 2012	50	Zaragoza	31	Bachillerato	Hombres	3573
Junio 2012	50	Zaragoza	31	Bachillerato	Mujeres	4080
Junio 2012	50	Zaragoza	32	Enseñanza media de formación profesional	Hombres	2656
Junio 2012	50	Zaragoza	32	Enseñanza media de formación profesional	Mujeres	3575
Junio 2012	50	Zaragoza	41	Enseñanza superior de formación profesional	Hombres	1803
Junio 2012	50	Zaragoza	41	Enseñanza superior de formación profesional	Mujeres	2698
Junio 2012	50	Zaragoza	42	Enseñanza superior universitaria	Hombres	2513
Junio 2012	50	Zaragoza	42	Enseñanza superior universitaria	Mujeres	5197
Mayo 2012	22	Huesca	10	Educación Primaria o inferior	Hombres	2016
Mayo 2012	22	Huesca	10	Educación Primaria o inferior	Mujeres	1491
Mayo 2012	22	Huesca	20	Primera etapa de educación secundaria	Hombres	4159
Mayo 2012	22	Huesca	20	Primera etapa de educación secundaria	Mujeres	2984
Mayo 2012	22	Huesca	31	Bachillerato	Hombres	595
Mayo 2012	22	Huesca	31	Bachillerato	Mujeres	687
Mayo 2012	22	Huesca	32	Enseñanza media de formación profesional	Hombres	416
Mayo 2012	22	Huesca	32	Enseñanza media de formación profesional	Mujeres	643
Mayo 2012	22	Huesca	41	Enseñanza superior de formación profesional	Hombres	339
Mayo 2012	22	Huesca	41	Enseñanza superior de formación profesional	Mujeres	527
Mayo 2012	22	Huesca	42	Enseñanza superior universitaria	Hombres	416
Mayo 2012	22	Huesca	42	Enseñanza superior universitaria	Mujeres	965
Mayo 2012	44	Teruel	10	Educación Primaria o inferior	Hombres	2325
Mayo 2012	44	Teruel	10	Educación Primaria o inferior	Mujeres	1501
Mayo 2012	44	Teruel	20	Primera etapa de educación secundaria	Hombres	2013
Mayo 2012	44	Teruel	20	Primera etapa de educación secundaria	Mujeres	1572
Mayo 2012	44	Teruel	31	Bachillerato	Hombres	273
Mayo 2012	44	Teruel	31	Bachillerato	Mujeres	318
Mayo 2012	44	Teruel	32	Enseñanza media de formación profesional	Hombres	373
Mayo 2012	44	Teruel	32	Enseñanza media de formación profesional	Mujeres	511
Mayo 2012	44	Teruel	41	Enseñanza superior de formación profesional	Hombres	217
Mayo 2012	44	Teruel	41	Enseñanza superior de formación profesional	Mujeres	321
Mayo 2012	44	Teruel	42	Enseñanza superior universitaria	Hombres	233
Mayo 2012	44	Teruel	42	Enseñanza superior universitaria	Mujeres	591
Mayo 2012	50	Zaragoza	10	Educación Primaria o inferior	Hombres	5832
Mayo 2012	50	Zaragoza	10	Educación Primaria o inferior	Mujeres	4615
Mayo 2012	50	Zaragoza	20	Primera etapa de educación secundaria	Hombres	23724
Mayo 2012	50	Zaragoza	20	Primera etapa de educación secundaria	Mujeres	21213
Mayo 2012	50	Zaragoza	31	Bachillerato	Hombres	3733
Mayo 2012	50	Zaragoza	31	Bachillerato	Mujeres	4219
Mayo 2012	50	Zaragoza	32	Enseñanza media de formación profesional	Hombres	2705
Mayo 2012	50	Zaragoza	32	Enseñanza media de formación profesional	Mujeres	3781
Mayo 2012	50	Zaragoza	41	Enseñanza superior de formación profesional	Hombres	1837
Mayo 2012	50	Zaragoza	41	Enseñanza superior de formación profesional	Mujeres	2761
Mayo 2012	50	Zaragoza	42	Enseñanza superior universitaria	Hombres	2599
Mayo 2012	50	Zaragoza	42	Enseñanza superior universitaria	Mujeres	5397
Abril 2012	22	Huesca	10	Educación Primaria o inferior	Hombres	2346
Abril 2012	22	Huesca	10	Educación Primaria o inferior	Mujeres	1639
Abril 2012	22	Huesca	20	Primera etapa de educación secundaria	Hombres	4324
Abril 2012	22	Huesca	20	Primera etapa de educación secundaria	Mujeres	2986
Abril 2012	22	Huesca	31	Bachillerato	Hombres	577
Abril 2012	22	Huesca	31	Bachillerato	Mujeres	661
Abril 2012	22	Huesca	32	Enseñanza media de formación profesional	Hombres	428
Abril 2012	22	Huesca	32	Enseñanza media de formación profesional	Mujeres	626
Abril 2012	22	Huesca	41	Enseñanza superior de formación profesional	Hombres	330
Abril 2012	22	Huesca	41	Enseñanza superior de formación profesional	Mujeres	494
Abril 2012	22	Huesca	42	Enseñanza superior universitaria	Hombres	415
Abril 2012	22	Huesca	42	Enseñanza superior universitaria	Mujeres	921
Abril 2012	44	Teruel	10	Educación Primaria o inferior	Hombres	2522
Abril 2012	44	Teruel	10	Educación Primaria o inferior	Mujeres	1594
Abril 2012	44	Teruel	20	Primera etapa de educación secundaria	Hombres	2035
Abril 2012	44	Teruel	20	Primera etapa de educación secundaria	Mujeres	1549
Abril 2012	44	Teruel	31	Bachillerato	Hombres	260
Abril 2012	44	Teruel	31	Bachillerato	Mujeres	309
Abril 2012	44	Teruel	32	Enseñanza media de formación profesional	Hombres	344
Abril 2012	44	Teruel	32	Enseñanza media de formación profesional	Mujeres	497
Abril 2012	44	Teruel	41	Enseñanza superior de formación profesional	Hombres	203
Abril 2012	44	Teruel	41	Enseñanza superior de formación profesional	Mujeres	330
Abril 2012	44	Teruel	42	Enseñanza superior universitaria	Hombres	232
Abril 2012	44	Teruel	42	Enseñanza superior universitaria	Mujeres	538
Abril 2012	50	Zaragoza	10	Educación Primaria o inferior	Hombres	6338
Abril 2012	50	Zaragoza	10	Educación Primaria o inferior	Mujeres	4784
Abril 2012	50	Zaragoza	20	Primera etapa de educación secundaria	Hombres	24223
Abril 2012	50	Zaragoza	20	Primera etapa de educación secundaria	Mujeres	21132
Abril 2012	50	Zaragoza	31	Bachillerato	Hombres	3639
Abril 2012	50	Zaragoza	31	Bachillerato	Mujeres	4131
Abril 2012	50	Zaragoza	32	Enseñanza media de formación profesional	Hombres	2702
Abril 2012	50	Zaragoza	32	Enseñanza media de formación profesional	Mujeres	3686
Abril 2012	50	Zaragoza	41	Enseñanza superior de formación profesional	Hombres	1792
Abril 2012	50	Zaragoza	41	Enseñanza superior de formación profesional	Mujeres	2678
Abril 2012	50	Zaragoza	42	Enseñanza superior universitaria	Hombres	2486
Abril 2012	50	Zaragoza	42	Enseñanza superior universitaria	Mujeres	5111
Marzo 2012	22	Huesca	10	Educación Primaria o inferior	Hombres	2334
Marzo 2012	22	Huesca	10	Educación Primaria o inferior	Mujeres	1660
Marzo 2012	22	Huesca	20	Primera etapa de educación secundaria	Hombres	4283
Marzo 2012	22	Huesca	20	Primera etapa de educación secundaria	Mujeres	3030
Marzo 2012	22	Huesca	31	Bachillerato	Hombres	570
Marzo 2012	22	Huesca	31	Bachillerato	Mujeres	637
Marzo 2012	22	Huesca	32	Enseñanza media de formación profesional	Hombres	440
Marzo 2012	22	Huesca	32	Enseñanza media de formación profesional	Mujeres	594
Marzo 2012	22	Huesca	41	Enseñanza superior de formación profesional	Hombres	332
Marzo 2012	22	Huesca	41	Enseñanza superior de formación profesional	Mujeres	496
Marzo 2012	22	Huesca	42	Enseñanza superior universitaria	Hombres	408
Marzo 2012	22	Huesca	42	Enseñanza superior universitaria	Mujeres	905
Marzo 2012	44	Teruel	10	Educación Primaria o inferior	Hombres	2564
Marzo 2012	44	Teruel	10	Educación Primaria o inferior	Mujeres	1639
Marzo 2012	44	Teruel	20	Primera etapa de educación secundaria	Hombres	2087
Marzo 2012	44	Teruel	20	Primera etapa de educación secundaria	Mujeres	1579
Marzo 2012	44	Teruel	31	Bachillerato	Hombres	263
Marzo 2012	44	Teruel	31	Bachillerato	Mujeres	310
Marzo 2012	44	Teruel	32	Enseñanza media de formación profesional	Hombres	363
Marzo 2012	44	Teruel	32	Enseñanza media de formación profesional	Mujeres	499
Marzo 2012	44	Teruel	41	Enseñanza superior de formación profesional	Hombres	219
Marzo 2012	44	Teruel	41	Enseñanza superior de formación profesional	Mujeres	320
Marzo 2012	44	Teruel	42	Enseñanza superior universitaria	Hombres	230
Marzo 2012	44	Teruel	42	Enseñanza superior universitaria	Mujeres	548
Marzo 2012	50	Zaragoza	10	Educación Primaria o inferior	Hombres	6364
Marzo 2012	50	Zaragoza	10	Educación Primaria o inferior	Mujeres	4741
Marzo 2012	50	Zaragoza	20	Primera etapa de educación secundaria	Hombres	24600
Marzo 2012	50	Zaragoza	20	Primera etapa de educación secundaria	Mujeres	21160
Marzo 2012	50	Zaragoza	31	Bachillerato	Hombres	3643
Marzo 2012	50	Zaragoza	31	Bachillerato	Mujeres	4150
Marzo 2012	50	Zaragoza	32	Enseñanza media de formación profesional	Hombres	2734
Marzo 2012	50	Zaragoza	32	Enseñanza media de formación profesional	Mujeres	3649
Marzo 2012	50	Zaragoza	41	Enseñanza superior de formación profesional	Hombres	1784
Marzo 2012	50	Zaragoza	41	Enseñanza superior de formación profesional	Mujeres	2633
Marzo 2012	50	Zaragoza	42	Enseñanza superior universitaria	Hombres	2485
Marzo 2012	50	Zaragoza	42	Enseñanza superior universitaria	Mujeres	4994
Febrero 2012	22	Huesca	10	Educación Primaria o inferior	Hombres	2312
Febrero 2012	22	Huesca	10	Educación Primaria o inferior	Mujeres	1657
Febrero 2012	22	Huesca	20	Primera etapa de educación secundaria	Hombres	4248
Febrero 2012	22	Huesca	20	Primera etapa de educación secundaria	Mujeres	2986
Febrero 2012	22	Huesca	31	Bachillerato	Hombres	569
Febrero 2012	22	Huesca	31	Bachillerato	Mujeres	622
Febrero 2012	22	Huesca	32	Enseñanza media de formación profesional	Hombres	437
Febrero 2012	22	Huesca	32	Enseñanza media de formación profesional	Mujeres	582
Febrero 2012	22	Huesca	41	Enseñanza superior de formación profesional	Hombres	334
Febrero 2012	22	Huesca	41	Enseñanza superior de formación profesional	Mujeres	478
Febrero 2012	22	Huesca	42	Enseñanza superior universitaria	Hombres	397
Febrero 2012	22	Huesca	42	Enseñanza superior universitaria	Mujeres	903
Febrero 2012	44	Teruel	10	Educación Primaria o inferior	Hombres	2609
Febrero 2012	44	Teruel	10	Educación Primaria o inferior	Mujeres	1626
Febrero 2012	44	Teruel	20	Primera etapa de educación secundaria	Hombres	2101
Febrero 2012	44	Teruel	20	Primera etapa de educación secundaria	Mujeres	1601
Febrero 2012	44	Teruel	31	Bachillerato	Hombres	240
Febrero 2012	44	Teruel	31	Bachillerato	Mujeres	281
Febrero 2012	44	Teruel	32	Enseñanza media de formación profesional	Hombres	348
Febrero 2012	44	Teruel	32	Enseñanza media de formación profesional	Mujeres	516
Febrero 2012	44	Teruel	41	Enseñanza superior de formación profesional	Hombres	224
Febrero 2012	44	Teruel	41	Enseñanza superior de formación profesional	Mujeres	303
Febrero 2012	44	Teruel	42	Enseñanza superior universitaria	Hombres	218
Febrero 2012	44	Teruel	42	Enseñanza superior universitaria	Mujeres	525
Febrero 2012	50	Zaragoza	10	Educación Primaria o inferior	Hombres	6338
Febrero 2012	50	Zaragoza	10	Educación Primaria o inferior	Mujeres	4663
Febrero 2012	50	Zaragoza	20	Primera etapa de educación secundaria	Hombres	24207
Febrero 2012	50	Zaragoza	20	Primera etapa de educación secundaria	Mujeres	21009
Febrero 2012	50	Zaragoza	31	Bachillerato	Hombres	3549
Febrero 2012	50	Zaragoza	31	Bachillerato	Mujeres	4132
Febrero 2012	50	Zaragoza	32	Enseñanza media de formación profesional	Hombres	2618
Febrero 2012	50	Zaragoza	32	Enseñanza media de formación profesional	Mujeres	3583
Febrero 2012	50	Zaragoza	41	Enseñanza superior de formación profesional	Hombres	1756
Febrero 2012	50	Zaragoza	41	Enseñanza superior de formación profesional	Mujeres	2603
Febrero 2012	50	Zaragoza	42	Enseñanza superior universitaria	Hombres	2479
Febrero 2012	50	Zaragoza	42	Enseñanza superior universitaria	Mujeres	4859
Enero 2012	22	Huesca	10	Educación Primaria o inferior	Hombres	2255
Enero 2012	22	Huesca	10	Educación Primaria o inferior	Mujeres	1625
Enero 2012	22	Huesca	20	Primera etapa de educación secundaria	Hombres	4206
Enero 2012	22	Huesca	20	Primera etapa de educación secundaria	Mujeres	3016
Enero 2012	22	Huesca	31	Bachillerato	Hombres	563
Enero 2012	22	Huesca	31	Bachillerato	Mujeres	622
Enero 2012	22	Huesca	32	Enseñanza media de formación profesional	Hombres	422
Enero 2012	22	Huesca	32	Enseñanza media de formación profesional	Mujeres	578
Enero 2012	22	Huesca	41	Enseñanza superior de formación profesional	Hombres	324
Enero 2012	22	Huesca	41	Enseñanza superior de formación profesional	Mujeres	477
Enero 2012	22	Huesca	42	Enseñanza superior universitaria	Hombres	396
Enero 2012	22	Huesca	42	Enseñanza superior universitaria	Mujeres	909
Enero 2012	44	Teruel	10	Educación Primaria o inferior	Hombres	2582
Enero 2012	44	Teruel	10	Educación Primaria o inferior	Mujeres	1632
Enero 2012	44	Teruel	20	Primera etapa de educación secundaria	Hombres	2028
Enero 2012	44	Teruel	20	Primera etapa de educación secundaria	Mujeres	1582
Enero 2012	44	Teruel	31	Bachillerato	Hombres	231
Enero 2012	44	Teruel	31	Bachillerato	Mujeres	284
Enero 2012	44	Teruel	32	Enseñanza media de formación profesional	Hombres	334
Enero 2012	44	Teruel	32	Enseñanza media de formación profesional	Mujeres	475
Enero 2012	44	Teruel	41	Enseñanza superior de formación profesional	Hombres	213
Enero 2012	44	Teruel	41	Enseñanza superior de formación profesional	Mujeres	286
Enero 2012	44	Teruel	42	Enseñanza superior universitaria	Hombres	221
Enero 2012	44	Teruel	42	Enseñanza superior universitaria	Mujeres	513
Enero 2012	50	Zaragoza	10	Educación Primaria o inferior	Hombres	6129
Enero 2012	50	Zaragoza	10	Educación Primaria o inferior	Mujeres	4551
Enero 2012	50	Zaragoza	20	Primera etapa de educación secundaria	Hombres	23644
Enero 2012	50	Zaragoza	20	Primera etapa de educación secundaria	Mujeres	20637
Enero 2012	50	Zaragoza	31	Bachillerato	Hombres	3503
Enero 2012	50	Zaragoza	31	Bachillerato	Mujeres	4002
Enero 2012	50	Zaragoza	32	Enseñanza media de formación profesional	Hombres	2472
Enero 2012	50	Zaragoza	32	Enseñanza media de formación profesional	Mujeres	3422
Enero 2012	50	Zaragoza	41	Enseñanza superior de formación profesional	Hombres	1663
Enero 2012	50	Zaragoza	41	Enseñanza superior de formación profesional	Mujeres	2537
Enero 2012	50	Zaragoza	42	Enseñanza superior universitaria	Hombres	2529
Enero 2012	50	Zaragoza	42	Enseñanza superior universitaria	Mujeres	4890
Diciembre 2011	22	Huesca	10	Educación Primaria o inferior	Hombres	2181
Diciembre 2011	22	Huesca	10	Educación Primaria o inferior	Mujeres	1549
Diciembre 2011	22	Huesca	20	Primera etapa de educación secundaria	Hombres	4005
Diciembre 2011	22	Huesca	20	Primera etapa de educación secundaria	Mujeres	2817
Diciembre 2011	22	Huesca	31	Bachillerato	Hombres	549
Diciembre 2011	22	Huesca	31	Bachillerato	Mujeres	594
Diciembre 2011	22	Huesca	32	Enseñanza media de formación profesional	Hombres	389
Diciembre 2011	22	Huesca	32	Enseñanza media de formación profesional	Mujeres	536
Diciembre 2011	22	Huesca	41	Enseñanza superior de formación profesional	Hombres	313
Diciembre 2011	22	Huesca	41	Enseñanza superior de formación profesional	Mujeres	431
Diciembre 2011	22	Huesca	42	Enseñanza superior universitaria	Hombres	377
Diciembre 2011	22	Huesca	42	Enseñanza superior universitaria	Mujeres	802
Diciembre 2011	44	Teruel	10	Educación Primaria o inferior	Hombres	2534
Diciembre 2011	44	Teruel	10	Educación Primaria o inferior	Mujeres	1590
Diciembre 2011	44	Teruel	20	Primera etapa de educación secundaria	Hombres	1917
Diciembre 2011	44	Teruel	20	Primera etapa de educación secundaria	Mujeres	1545
Diciembre 2011	44	Teruel	31	Bachillerato	Hombres	227
Diciembre 2011	44	Teruel	31	Bachillerato	Mujeres	267
Diciembre 2011	44	Teruel	32	Enseñanza media de formación profesional	Hombres	312
Diciembre 2011	44	Teruel	32	Enseñanza media de formación profesional	Mujeres	451
Diciembre 2011	44	Teruel	41	Enseñanza superior de formación profesional	Hombres	194
Diciembre 2011	44	Teruel	41	Enseñanza superior de formación profesional	Mujeres	260
Diciembre 2011	44	Teruel	42	Enseñanza superior universitaria	Hombres	200
Diciembre 2011	44	Teruel	42	Enseñanza superior universitaria	Mujeres	504
Diciembre 2011	50	Zaragoza	10	Educación Primaria o inferior	Hombres	5956
Diciembre 2011	50	Zaragoza	10	Educación Primaria o inferior	Mujeres	4468
Diciembre 2011	50	Zaragoza	20	Primera etapa de educación secundaria	Hombres	23391
Diciembre 2011	50	Zaragoza	20	Primera etapa de educación secundaria	Mujeres	20079
Diciembre 2011	50	Zaragoza	31	Bachillerato	Hombres	3424
Diciembre 2011	50	Zaragoza	31	Bachillerato	Mujeres	3854
Diciembre 2011	50	Zaragoza	32	Enseñanza media de formación profesional	Hombres	2387
Diciembre 2011	50	Zaragoza	32	Enseñanza media de formación profesional	Mujeres	3086
Diciembre 2011	50	Zaragoza	41	Enseñanza superior de formación profesional	Hombres	1628
Diciembre 2011	50	Zaragoza	41	Enseñanza superior de formación profesional	Mujeres	2334
Diciembre 2011	50	Zaragoza	42	Enseñanza superior universitaria	Hombres	2399
Diciembre 2011	50	Zaragoza	42	Enseñanza superior universitaria	Mujeres	4432
Noviembre 2011	22	Huesca	10	Educación Primaria o inferior	Hombres	2189
Noviembre 2011	22	Huesca	10	Educación Primaria o inferior	Mujeres	1607
Noviembre 2011	22	Huesca	20	Primera etapa de educación secundaria	Hombres	3877
Noviembre 2011	22	Huesca	20	Primera etapa de educación secundaria	Mujeres	2846
Noviembre 2011	22	Huesca	31	Bachillerato	Hombres	535
Noviembre 2011	22	Huesca	31	Bachillerato	Mujeres	604
Noviembre 2011	22	Huesca	32	Enseñanza media de formación profesional	Hombres	399
Noviembre 2011	22	Huesca	32	Enseñanza media de formación profesional	Mujeres	556
Noviembre 2011	22	Huesca	41	Enseñanza superior de formación profesional	Hombres	310
Noviembre 2011	22	Huesca	41	Enseñanza superior de formación profesional	Mujeres	436
Noviembre 2011	22	Huesca	42	Enseñanza superior universitaria	Hombres	368
Noviembre 2011	22	Huesca	42	Enseñanza superior universitaria	Mujeres	783
Noviembre 2011	44	Teruel	10	Educación Primaria o inferior	Hombres	2450
Noviembre 2011	44	Teruel	10	Educación Primaria o inferior	Mujeres	1616
Noviembre 2011	44	Teruel	20	Primera etapa de educación secundaria	Hombres	1779
Noviembre 2011	44	Teruel	20	Primera etapa de educación secundaria	Mujeres	1521
Noviembre 2011	44	Teruel	31	Bachillerato	Hombres	224
Noviembre 2011	44	Teruel	31	Bachillerato	Mujeres	275
Noviembre 2011	44	Teruel	32	Enseñanza media de formación profesional	Hombres	298
Noviembre 2011	44	Teruel	32	Enseñanza media de formación profesional	Mujeres	458
Noviembre 2011	44	Teruel	41	Enseñanza superior de formación profesional	Hombres	196
Noviembre 2011	44	Teruel	41	Enseñanza superior de formación profesional	Mujeres	276
Noviembre 2011	44	Teruel	42	Enseñanza superior universitaria	Hombres	192
Noviembre 2011	44	Teruel	42	Enseñanza superior universitaria	Mujeres	519
Noviembre 2011	50	Zaragoza	10	Educación Primaria o inferior	Hombres	5842
Noviembre 2011	50	Zaragoza	10	Educación Primaria o inferior	Mujeres	4465
Noviembre 2011	50	Zaragoza	20	Primera etapa de educación secundaria	Hombres	22544
Noviembre 2011	50	Zaragoza	20	Primera etapa de educación secundaria	Mujeres	20060
Noviembre 2011	50	Zaragoza	31	Bachillerato	Hombres	3307
Noviembre 2011	50	Zaragoza	31	Bachillerato	Mujeres	3860
Noviembre 2011	50	Zaragoza	32	Enseñanza media de formación profesional	Hombres	2217
Noviembre 2011	50	Zaragoza	32	Enseñanza media de formación profesional	Mujeres	3198
Noviembre 2011	50	Zaragoza	41	Enseñanza superior de formación profesional	Hombres	1487
Noviembre 2011	50	Zaragoza	41	Enseñanza superior de formación profesional	Mujeres	2269
Noviembre 2011	50	Zaragoza	42	Enseñanza superior universitaria	Hombres	2239
Noviembre 2011	50	Zaragoza	42	Enseñanza superior universitaria	Mujeres	4276
Octubre 2011	22	Huesca	10	Educación Primaria o inferior	Hombres	2215
Octubre 2011	22	Huesca	10	Educación Primaria o inferior	Mujeres	1561
Octubre 2011	22	Huesca	20	Primera etapa de educación secundaria	Hombres	3737
Octubre 2011	22	Huesca	20	Primera etapa de educación secundaria	Mujeres	2808
Octubre 2011	22	Huesca	31	Bachillerato	Hombres	493
Octubre 2011	22	Huesca	31	Bachillerato	Mujeres	600
Octubre 2011	22	Huesca	32	Enseñanza media de formación profesional	Hombres	352
Octubre 2011	22	Huesca	32	Enseñanza media de formación profesional	Mujeres	551
Octubre 2011	22	Huesca	41	Enseñanza superior de formación profesional	Hombres	288
Octubre 2011	22	Huesca	41	Enseñanza superior de formación profesional	Mujeres	437
Octubre 2011	22	Huesca	42	Enseñanza superior universitaria	Hombres	365
Octubre 2011	22	Huesca	42	Enseñanza superior universitaria	Mujeres	767
Octubre 2011	44	Teruel	10	Educación Primaria o inferior	Hombres	2393
Octubre 2011	44	Teruel	10	Educación Primaria o inferior	Mujeres	1471
Octubre 2011	44	Teruel	20	Primera etapa de educación secundaria	Hombres	1663
Octubre 2011	44	Teruel	20	Primera etapa de educación secundaria	Mujeres	1425
Octubre 2011	44	Teruel	31	Bachillerato	Hombres	217
Octubre 2011	44	Teruel	31	Bachillerato	Mujeres	273
Octubre 2011	44	Teruel	32	Enseñanza media de formación profesional	Hombres	277
Octubre 2011	44	Teruel	32	Enseñanza media de formación profesional	Mujeres	441
Octubre 2011	44	Teruel	41	Enseñanza superior de formación profesional	Hombres	169
Octubre 2011	44	Teruel	41	Enseñanza superior de formación profesional	Mujeres	266
Octubre 2011	44	Teruel	42	Enseñanza superior universitaria	Hombres	201
Octubre 2011	44	Teruel	42	Enseñanza superior universitaria	Mujeres	489
Octubre 2011	50	Zaragoza	10	Educación Primaria o inferior	Hombres	5862
Octubre 2011	50	Zaragoza	10	Educación Primaria o inferior	Mujeres	4331
Octubre 2011	50	Zaragoza	20	Primera etapa de educación secundaria	Hombres	21919
Octubre 2011	50	Zaragoza	20	Primera etapa de educación secundaria	Mujeres	19544
Octubre 2011	50	Zaragoza	31	Bachillerato	Hombres	3212
Octubre 2011	50	Zaragoza	31	Bachillerato	Mujeres	3783
Octubre 2011	50	Zaragoza	32	Enseñanza media de formación profesional	Hombres	2123
Octubre 2011	50	Zaragoza	32	Enseñanza media de formación profesional	Mujeres	3144
Octubre 2011	50	Zaragoza	41	Enseñanza superior de formación profesional	Hombres	1472
Octubre 2011	50	Zaragoza	41	Enseñanza superior de formación profesional	Mujeres	2247
Octubre 2011	50	Zaragoza	42	Enseñanza superior universitaria	Hombres	2219
Octubre 2011	50	Zaragoza	42	Enseñanza superior universitaria	Mujeres	4333
Septiembre 2011	22	Huesca	10	Educación Primaria o inferior	Hombres	2182
Septiembre 2011	22	Huesca	10	Educación Primaria o inferior	Mujeres	1537
Septiembre 2011	22	Huesca	20	Primera etapa de educación secundaria	Hombres	3566
Septiembre 2011	22	Huesca	20	Primera etapa de educación secundaria	Mujeres	2728
Septiembre 2011	22	Huesca	31	Bachillerato	Hombres	498
Septiembre 2011	22	Huesca	31	Bachillerato	Mujeres	616
Septiembre 2011	22	Huesca	32	Enseñanza media de formación profesional	Hombres	331
Septiembre 2011	22	Huesca	32	Enseñanza media de formación profesional	Mujeres	514
Septiembre 2011	22	Huesca	41	Enseñanza superior de formación profesional	Hombres	285
Septiembre 2011	22	Huesca	41	Enseñanza superior de formación profesional	Mujeres	432
Septiembre 2011	22	Huesca	42	Enseñanza superior universitaria	Hombres	386
Septiembre 2011	22	Huesca	42	Enseñanza superior universitaria	Mujeres	823
Septiembre 2011	44	Teruel	10	Educación Primaria o inferior	Hombres	2345
Septiembre 2011	44	Teruel	10	Educación Primaria o inferior	Mujeres	1384
Septiembre 2011	44	Teruel	20	Primera etapa de educación secundaria	Hombres	1606
Septiembre 2011	44	Teruel	20	Primera etapa de educación secundaria	Mujeres	1334
Septiembre 2011	44	Teruel	31	Bachillerato	Hombres	206
Septiembre 2011	44	Teruel	31	Bachillerato	Mujeres	275
Septiembre 2011	44	Teruel	32	Enseñanza media de formación profesional	Hombres	268
Septiembre 2011	44	Teruel	32	Enseñanza media de formación profesional	Mujeres	396
Septiembre 2011	44	Teruel	41	Enseñanza superior de formación profesional	Hombres	180
Septiembre 2011	44	Teruel	41	Enseñanza superior de formación profesional	Mujeres	273
Septiembre 2011	44	Teruel	42	Enseñanza superior universitaria	Hombres	209
Septiembre 2011	44	Teruel	42	Enseñanza superior universitaria	Mujeres	485
Septiembre 2011	50	Zaragoza	10	Educación Primaria o inferior	Hombres	5428
Septiembre 2011	50	Zaragoza	10	Educación Primaria o inferior	Mujeres	4043
Septiembre 2011	50	Zaragoza	20	Primera etapa de educación secundaria	Hombres	21010
Septiembre 2011	50	Zaragoza	20	Primera etapa de educación secundaria	Mujeres	19055
Septiembre 2011	50	Zaragoza	31	Bachillerato	Hombres	3218
Septiembre 2011	50	Zaragoza	31	Bachillerato	Mujeres	3764
Septiembre 2011	50	Zaragoza	32	Enseñanza media de formación profesional	Hombres	2008
Septiembre 2011	50	Zaragoza	32	Enseñanza media de formación profesional	Mujeres	2914
Septiembre 2011	50	Zaragoza	41	Enseñanza superior de formación profesional	Hombres	1468
Septiembre 2011	50	Zaragoza	41	Enseñanza superior de formación profesional	Mujeres	2201
Septiembre 2011	50	Zaragoza	42	Enseñanza superior universitaria	Hombres	2267
Septiembre 2011	50	Zaragoza	42	Enseñanza superior universitaria	Mujeres	4466
Agosto 2011	22	Huesca	10	Educación Primaria o inferior	Hombres	1903
Agosto 2011	22	Huesca	10	Educación Primaria o inferior	Mujeres	1261
Agosto 2011	22	Huesca	20	Primera etapa de educación secundaria	Hombres	3485
Agosto 2011	22	Huesca	20	Primera etapa de educación secundaria	Mujeres	2580
Agosto 2011	22	Huesca	31	Bachillerato	Hombres	451
Agosto 2011	22	Huesca	31	Bachillerato	Mujeres	573
Agosto 2011	22	Huesca	32	Enseñanza media de formación profesional	Hombres	318
Agosto 2011	22	Huesca	32	Enseñanza media de formación profesional	Mujeres	463
Agosto 2011	22	Huesca	41	Enseñanza superior de formación profesional	Hombres	258
Agosto 2011	22	Huesca	41	Enseñanza superior de formación profesional	Mujeres	401
Agosto 2011	22	Huesca	42	Enseñanza superior universitaria	Hombres	362
Agosto 2011	22	Huesca	42	Enseñanza superior universitaria	Mujeres	803
Agosto 2011	44	Teruel	10	Educación Primaria o inferior	Hombres	2408
Agosto 2011	44	Teruel	10	Educación Primaria o inferior	Mujeres	1348
Agosto 2011	44	Teruel	20	Primera etapa de educación secundaria	Hombres	1539
Agosto 2011	44	Teruel	20	Primera etapa de educación secundaria	Mujeres	1205
Agosto 2011	44	Teruel	31	Bachillerato	Hombres	196
Agosto 2011	44	Teruel	31	Bachillerato	Mujeres	259
Agosto 2011	44	Teruel	32	Enseñanza media de formación profesional	Hombres	252
Agosto 2011	44	Teruel	32	Enseñanza media de formación profesional	Mujeres	345
Agosto 2011	44	Teruel	41	Enseñanza superior de formación profesional	Hombres	180
Agosto 2011	44	Teruel	41	Enseñanza superior de formación profesional	Mujeres	260
Agosto 2011	44	Teruel	42	Enseñanza superior universitaria	Hombres	200
Agosto 2011	44	Teruel	42	Enseñanza superior universitaria	Mujeres	467
Agosto 2011	50	Zaragoza	10	Educación Primaria o inferior	Hombres	5370
Agosto 2011	50	Zaragoza	10	Educación Primaria o inferior	Mujeres	3817
Agosto 2011	50	Zaragoza	20	Primera etapa de educación secundaria	Hombres	20917
Agosto 2011	50	Zaragoza	20	Primera etapa de educación secundaria	Mujeres	18547
Agosto 2011	50	Zaragoza	31	Bachillerato	Hombres	3184
Agosto 2011	50	Zaragoza	31	Bachillerato	Mujeres	3803
Agosto 2011	50	Zaragoza	32	Enseñanza media de formación profesional	Hombres	1993
Agosto 2011	50	Zaragoza	32	Enseñanza media de formación profesional	Mujeres	2786
Agosto 2011	50	Zaragoza	41	Enseñanza superior de formación profesional	Hombres	1524
Agosto 2011	50	Zaragoza	41	Enseñanza superior de formación profesional	Mujeres	2274
Agosto 2011	50	Zaragoza	42	Enseñanza superior universitaria	Hombres	2360
Agosto 2011	50	Zaragoza	42	Enseñanza superior universitaria	Mujeres	4623
Julio 2011	22	Huesca	10	Educación Primaria o inferior	Hombres	1789
Julio 2011	22	Huesca	10	Educación Primaria o inferior	Mujeres	1214
Julio 2011	22	Huesca	20	Primera etapa de educación secundaria	Hombres	3455
Julio 2011	22	Huesca	20	Primera etapa de educación secundaria	Mujeres	2616
Julio 2011	22	Huesca	31	Bachillerato	Hombres	442
Julio 2011	22	Huesca	31	Bachillerato	Mujeres	551
Julio 2011	22	Huesca	32	Enseñanza media de formación profesional	Hombres	298
Julio 2011	22	Huesca	32	Enseñanza media de formación profesional	Mujeres	448
Julio 2011	22	Huesca	41	Enseñanza superior de formación profesional	Hombres	234
Julio 2011	22	Huesca	41	Enseñanza superior de formación profesional	Mujeres	356
Julio 2011	22	Huesca	42	Enseñanza superior universitaria	Hombres	330
Julio 2011	22	Huesca	42	Enseñanza superior universitaria	Mujeres	716
Julio 2011	44	Teruel	10	Educación Primaria o inferior	Hombres	2399
Julio 2011	44	Teruel	10	Educación Primaria o inferior	Mujeres	1436
Julio 2011	44	Teruel	20	Primera etapa de educación secundaria	Hombres	1439
Julio 2011	44	Teruel	20	Primera etapa de educación secundaria	Mujeres	1207
Julio 2011	44	Teruel	31	Bachillerato	Hombres	194
Julio 2011	44	Teruel	31	Bachillerato	Mujeres	257
Julio 2011	44	Teruel	32	Enseñanza media de formación profesional	Hombres	246
Julio 2011	44	Teruel	32	Enseñanza media de formación profesional	Mujeres	345
Julio 2011	44	Teruel	41	Enseñanza superior de formación profesional	Hombres	177
Julio 2011	44	Teruel	41	Enseñanza superior de formación profesional	Mujeres	244
Julio 2011	44	Teruel	42	Enseñanza superior universitaria	Hombres	191
Julio 2011	44	Teruel	42	Enseñanza superior universitaria	Mujeres	421
Julio 2011	50	Zaragoza	10	Educación Primaria o inferior	Hombres	5509
Julio 2011	50	Zaragoza	10	Educación Primaria o inferior	Mujeres	3868
Julio 2011	50	Zaragoza	20	Primera etapa de educación secundaria	Hombres	21130
Julio 2011	50	Zaragoza	20	Primera etapa de educación secundaria	Mujeres	18727
Julio 2011	50	Zaragoza	31	Bachillerato	Hombres	3148
Julio 2011	50	Zaragoza	31	Bachillerato	Mujeres	3715
Julio 2011	50	Zaragoza	32	Enseñanza media de formación profesional	Hombres	1947
Julio 2011	50	Zaragoza	32	Enseñanza media de formación profesional	Mujeres	2724
Julio 2011	50	Zaragoza	41	Enseñanza superior de formación profesional	Hombres	1459
Julio 2011	50	Zaragoza	41	Enseñanza superior de formación profesional	Mujeres	2123
Julio 2011	50	Zaragoza	42	Enseñanza superior universitaria	Hombres	2242
Julio 2011	50	Zaragoza	42	Enseñanza superior universitaria	Mujeres	4275
Junio 2011	22	Huesca	10	Educación Primaria o inferior	Hombres	1840
Junio 2011	22	Huesca	10	Educación Primaria o inferior	Mujeres	1226
Junio 2011	22	Huesca	20	Primera etapa de educación secundaria	Hombres	3589
Junio 2011	22	Huesca	20	Primera etapa de educación secundaria	Mujeres	2699
Junio 2011	22	Huesca	31	Bachillerato	Hombres	439
Junio 2011	22	Huesca	31	Bachillerato	Mujeres	608
Junio 2011	22	Huesca	32	Enseñanza media de formación profesional	Hombres	319
Junio 2011	22	Huesca	32	Enseñanza media de formación profesional	Mujeres	481
Junio 2011	22	Huesca	41	Enseñanza superior de formación profesional	Hombres	242
Junio 2011	22	Huesca	41	Enseñanza superior de formación profesional	Mujeres	366
Junio 2011	22	Huesca	42	Enseñanza superior universitaria	Hombres	306
Junio 2011	22	Huesca	42	Enseñanza superior universitaria	Mujeres	663
Junio 2011	44	Teruel	10	Educación Primaria o inferior	Hombres	2380
Junio 2011	44	Teruel	10	Educación Primaria o inferior	Mujeres	1479
Junio 2011	44	Teruel	20	Primera etapa de educación secundaria	Hombres	1439
Junio 2011	44	Teruel	20	Primera etapa de educación secundaria	Mujeres	1311
Junio 2011	44	Teruel	31	Bachillerato	Hombres	188
Junio 2011	44	Teruel	31	Bachillerato	Mujeres	260
Junio 2011	44	Teruel	32	Enseñanza media de formación profesional	Hombres	248
Junio 2011	44	Teruel	32	Enseñanza media de formación profesional	Mujeres	389
Junio 2011	44	Teruel	41	Enseñanza superior de formación profesional	Hombres	168
Junio 2011	44	Teruel	41	Enseñanza superior de formación profesional	Mujeres	230
Junio 2011	44	Teruel	42	Enseñanza superior universitaria	Hombres	178
Junio 2011	44	Teruel	42	Enseñanza superior universitaria	Mujeres	410
Junio 2011	50	Zaragoza	10	Educación Primaria o inferior	Hombres	5286
Junio 2011	50	Zaragoza	10	Educación Primaria o inferior	Mujeres	3874
Junio 2011	50	Zaragoza	20	Primera etapa de educación secundaria	Hombres	20902
Junio 2011	50	Zaragoza	20	Primera etapa de educación secundaria	Mujeres	18936
Junio 2011	50	Zaragoza	31	Bachillerato	Hombres	3108
Junio 2011	50	Zaragoza	31	Bachillerato	Mujeres	3647
Junio 2011	50	Zaragoza	32	Enseñanza media de formación profesional	Hombres	1936
Junio 2011	50	Zaragoza	32	Enseñanza media de formación profesional	Mujeres	2776
Junio 2011	50	Zaragoza	41	Enseñanza superior de formación profesional	Hombres	1381
Junio 2011	50	Zaragoza	41	Enseñanza superior de formación profesional	Mujeres	2014
Junio 2011	50	Zaragoza	42	Enseñanza superior universitaria	Hombres	2065
Junio 2011	50	Zaragoza	42	Enseñanza superior universitaria	Mujeres	3888
Mayo 2011	22	Huesca	10	Educación Primaria o inferior	Hombres	1819
Mayo 2011	22	Huesca	10	Educación Primaria o inferior	Mujeres	1248
Mayo 2011	22	Huesca	20	Primera etapa de educación secundaria	Hombres	3670
Mayo 2011	22	Huesca	20	Primera etapa de educación secundaria	Mujeres	2803
Mayo 2011	22	Huesca	31	Bachillerato	Hombres	464
Mayo 2011	22	Huesca	31	Bachillerato	Mujeres	600
Mayo 2011	22	Huesca	32	Enseñanza media de formación profesional	Hombres	323
Mayo 2011	22	Huesca	32	Enseñanza media de formación profesional	Mujeres	536
Mayo 2011	22	Huesca	41	Enseñanza superior de formación profesional	Hombres	239
Mayo 2011	22	Huesca	41	Enseñanza superior de formación profesional	Mujeres	387
Mayo 2011	22	Huesca	42	Enseñanza superior universitaria	Hombres	310
Mayo 2011	22	Huesca	42	Enseñanza superior universitaria	Mujeres	660
Mayo 2011	44	Teruel	10	Educación Primaria o inferior	Hombres	2393
Mayo 2011	44	Teruel	10	Educación Primaria o inferior	Mujeres	1489
Mayo 2011	44	Teruel	20	Primera etapa de educación secundaria	Hombres	1426
Mayo 2011	44	Teruel	20	Primera etapa de educación secundaria	Mujeres	1301
Mayo 2011	44	Teruel	31	Bachillerato	Hombres	196
Mayo 2011	44	Teruel	31	Bachillerato	Mujeres	273
Mayo 2011	44	Teruel	32	Enseñanza media de formación profesional	Hombres	236
Mayo 2011	44	Teruel	32	Enseñanza media de formación profesional	Mujeres	404
Mayo 2011	44	Teruel	41	Enseñanza superior de formación profesional	Hombres	154
Mayo 2011	44	Teruel	41	Enseñanza superior de formación profesional	Mujeres	236
Mayo 2011	44	Teruel	42	Enseñanza superior universitaria	Hombres	161
Mayo 2011	44	Teruel	42	Enseñanza superior universitaria	Mujeres	380
Mayo 2011	50	Zaragoza	10	Educación Primaria o inferior	Hombres	5272
Mayo 2011	50	Zaragoza	10	Educación Primaria o inferior	Mujeres	3822
Mayo 2011	50	Zaragoza	20	Primera etapa de educación secundaria	Hombres	21515
Mayo 2011	50	Zaragoza	20	Primera etapa de educación secundaria	Mujeres	19093
Mayo 2011	50	Zaragoza	31	Bachillerato	Hombres	3179
Mayo 2011	50	Zaragoza	31	Bachillerato	Mujeres	3669
Mayo 2011	50	Zaragoza	32	Enseñanza media de formación profesional	Hombres	2002
Mayo 2011	50	Zaragoza	32	Enseñanza media de formación profesional	Mujeres	2956
Mayo 2011	50	Zaragoza	41	Enseñanza superior de formación profesional	Hombres	1329
Mayo 2011	50	Zaragoza	41	Enseñanza superior de formación profesional	Mujeres	1949
Mayo 2011	50	Zaragoza	42	Enseñanza superior universitaria	Hombres	2099
Mayo 2011	50	Zaragoza	42	Enseñanza superior universitaria	Mujeres	3892
Abril 2011	22	Huesca	10	Educación Primaria o inferior	Hombres	2090
Abril 2011	22	Huesca	10	Educación Primaria o inferior	Mujeres	1342
Abril 2011	22	Huesca	20	Primera etapa de educación secundaria	Hombres	3942
Abril 2011	22	Huesca	20	Primera etapa de educación secundaria	Mujeres	2835
Abril 2011	22	Huesca	31	Bachillerato	Hombres	485
Abril 2011	22	Huesca	31	Bachillerato	Mujeres	588
Abril 2011	22	Huesca	32	Enseñanza media de formación profesional	Hombres	369
Abril 2011	22	Huesca	32	Enseñanza media de formación profesional	Mujeres	540
Abril 2011	22	Huesca	41	Enseñanza superior de formación profesional	Hombres	254
Abril 2011	22	Huesca	41	Enseñanza superior de formación profesional	Mujeres	403
Abril 2011	22	Huesca	42	Enseñanza superior universitaria	Hombres	338
Abril 2011	22	Huesca	42	Enseñanza superior universitaria	Mujeres	683
Abril 2011	44	Teruel	10	Educación Primaria o inferior	Hombres	2610
Abril 2011	44	Teruel	10	Educación Primaria o inferior	Mujeres	1586
Abril 2011	44	Teruel	20	Primera etapa de educación secundaria	Hombres	1552
Abril 2011	44	Teruel	20	Primera etapa de educación secundaria	Mujeres	1354
Abril 2011	44	Teruel	31	Bachillerato	Hombres	209
Abril 2011	44	Teruel	31	Bachillerato	Mujeres	281
Abril 2011	44	Teruel	32	Enseñanza media de formación profesional	Hombres	249
Abril 2011	44	Teruel	32	Enseñanza media de formación profesional	Mujeres	421
Abril 2011	44	Teruel	41	Enseñanza superior de formación profesional	Hombres	173
Abril 2011	44	Teruel	41	Enseñanza superior de formación profesional	Mujeres	246
Abril 2011	44	Teruel	42	Enseñanza superior universitaria	Hombres	179
Abril 2011	44	Teruel	42	Enseñanza superior universitaria	Mujeres	414
Abril 2011	50	Zaragoza	10	Educación Primaria o inferior	Hombres	5648
Abril 2011	50	Zaragoza	10	Educación Primaria o inferior	Mujeres	3968
Abril 2011	50	Zaragoza	20	Primera etapa de educación secundaria	Hombres	23022
Abril 2011	50	Zaragoza	20	Primera etapa de educación secundaria	Mujeres	19915
Abril 2011	50	Zaragoza	31	Bachillerato	Hombres	3307
Abril 2011	50	Zaragoza	31	Bachillerato	Mujeres	3836
Abril 2011	50	Zaragoza	32	Enseñanza media de formación profesional	Hombres	2139
Abril 2011	50	Zaragoza	32	Enseñanza media de formación profesional	Mujeres	3109
Abril 2011	50	Zaragoza	41	Enseñanza superior de formación profesional	Hombres	1435
Abril 2011	50	Zaragoza	41	Enseñanza superior de formación profesional	Mujeres	2094
Abril 2011	50	Zaragoza	42	Enseñanza superior universitaria	Hombres	2162
Abril 2011	50	Zaragoza	42	Enseñanza superior universitaria	Mujeres	4022
Marzo 2011	22	Huesca	10	Educación Primaria o inferior	Hombres	2145
Marzo 2011	22	Huesca	10	Educación Primaria o inferior	Mujeres	1376
Marzo 2011	22	Huesca	20	Primera etapa de educación secundaria	Hombres	3945
Marzo 2011	22	Huesca	20	Primera etapa de educación secundaria	Mujeres	2864
Marzo 2011	22	Huesca	31	Bachillerato	Hombres	454
Marzo 2011	22	Huesca	31	Bachillerato	Mujeres	603
Marzo 2011	22	Huesca	32	Enseñanza media de formación profesional	Hombres	344
Marzo 2011	22	Huesca	32	Enseñanza media de formación profesional	Mujeres	564
Marzo 2011	22	Huesca	41	Enseñanza superior de formación profesional	Hombres	240
Marzo 2011	22	Huesca	41	Enseñanza superior de formación profesional	Mujeres	426
Marzo 2011	22	Huesca	42	Enseñanza superior universitaria	Hombres	324
Marzo 2011	22	Huesca	42	Enseñanza superior universitaria	Mujeres	696
Marzo 2011	44	Teruel	10	Educación Primaria o inferior	Hombres	2623
Marzo 2011	44	Teruel	10	Educación Primaria o inferior	Mujeres	1572
Marzo 2011	44	Teruel	20	Primera etapa de educación secundaria	Hombres	1611
Marzo 2011	44	Teruel	20	Primera etapa de educación secundaria	Mujeres	1431
Marzo 2011	44	Teruel	31	Bachillerato	Hombres	204
Marzo 2011	44	Teruel	31	Bachillerato	Mujeres	272
Marzo 2011	44	Teruel	32	Enseñanza media de formación profesional	Hombres	237
Marzo 2011	44	Teruel	32	Enseñanza media de formación profesional	Mujeres	415
Marzo 2011	44	Teruel	41	Enseñanza superior de formación profesional	Hombres	166
Marzo 2011	44	Teruel	41	Enseñanza superior de formación profesional	Mujeres	252
Marzo 2011	44	Teruel	42	Enseñanza superior universitaria	Hombres	173
Marzo 2011	44	Teruel	42	Enseñanza superior universitaria	Mujeres	387
Marzo 2011	50	Zaragoza	10	Educación Primaria o inferior	Hombres	5629
Marzo 2011	50	Zaragoza	10	Educación Primaria o inferior	Mujeres	3876
Marzo 2011	50	Zaragoza	20	Primera etapa de educación secundaria	Hombres	23318
Marzo 2011	50	Zaragoza	20	Primera etapa de educación secundaria	Mujeres	20131
Marzo 2011	50	Zaragoza	31	Bachillerato	Hombres	3321
Marzo 2011	50	Zaragoza	31	Bachillerato	Mujeres	3880
Marzo 2011	50	Zaragoza	32	Enseñanza media de formación profesional	Hombres	2223
Marzo 2011	50	Zaragoza	32	Enseñanza media de formación profesional	Mujeres	3221
Marzo 2011	50	Zaragoza	41	Enseñanza superior de formación profesional	Hombres	1462
Marzo 2011	50	Zaragoza	41	Enseñanza superior de formación profesional	Mujeres	2146
Marzo 2011	50	Zaragoza	42	Enseñanza superior universitaria	Hombres	2165
Marzo 2011	50	Zaragoza	42	Enseñanza superior universitaria	Mujeres	4144
Febrero 2011	22	Huesca	10	Educación Primaria o inferior	Hombres	2152
Febrero 2011	22	Huesca	10	Educación Primaria o inferior	Mujeres	1358
Febrero 2011	22	Huesca	20	Primera etapa de educación secundaria	Hombres	3905
Febrero 2011	22	Huesca	20	Primera etapa de educación secundaria	Mujeres	2779
Febrero 2011	22	Huesca	31	Bachillerato	Hombres	441
Febrero 2011	22	Huesca	31	Bachillerato	Mujeres	582
Febrero 2011	22	Huesca	32	Enseñanza media de formación profesional	Hombres	330
Febrero 2011	22	Huesca	32	Enseñanza media de formación profesional	Mujeres	554
Febrero 2011	22	Huesca	41	Enseñanza superior de formación profesional	Hombres	236
Febrero 2011	22	Huesca	41	Enseñanza superior de formación profesional	Mujeres	402
Febrero 2011	22	Huesca	42	Enseñanza superior universitaria	Hombres	325
Febrero 2011	22	Huesca	42	Enseñanza superior universitaria	Mujeres	667
Febrero 2011	44	Teruel	10	Educación Primaria o inferior	Hombres	2593
Febrero 2011	44	Teruel	10	Educación Primaria o inferior	Mujeres	1479
Febrero 2011	44	Teruel	20	Primera etapa de educación secundaria	Hombres	1674
Febrero 2011	44	Teruel	20	Primera etapa de educación secundaria	Mujeres	1460
Febrero 2011	44	Teruel	31	Bachillerato	Hombres	194
Febrero 2011	44	Teruel	31	Bachillerato	Mujeres	256
Febrero 2011	44	Teruel	32	Enseñanza media de formación profesional	Hombres	250
Febrero 2011	44	Teruel	32	Enseñanza media de formación profesional	Mujeres	437
Febrero 2011	44	Teruel	41	Enseñanza superior de formación profesional	Hombres	182
Febrero 2011	44	Teruel	41	Enseñanza superior de formación profesional	Mujeres	240
Febrero 2011	44	Teruel	42	Enseñanza superior universitaria	Hombres	179
Febrero 2011	44	Teruel	42	Enseñanza superior universitaria	Mujeres	388
Febrero 2011	50	Zaragoza	10	Educación Primaria o inferior	Hombres	5471
Febrero 2011	50	Zaragoza	10	Educación Primaria o inferior	Mujeres	3729
Febrero 2011	50	Zaragoza	20	Primera etapa de educación secundaria	Hombres	22900
Febrero 2011	50	Zaragoza	20	Primera etapa de educación secundaria	Mujeres	19764
Febrero 2011	50	Zaragoza	31	Bachillerato	Hombres	3288
Febrero 2011	50	Zaragoza	31	Bachillerato	Mujeres	3852
Febrero 2011	50	Zaragoza	32	Enseñanza media de formación profesional	Hombres	2155
Febrero 2011	50	Zaragoza	32	Enseñanza media de formación profesional	Mujeres	3190
Febrero 2011	50	Zaragoza	41	Enseñanza superior de formación profesional	Hombres	1414
Febrero 2011	50	Zaragoza	41	Enseñanza superior de formación profesional	Mujeres	2126
Febrero 2011	50	Zaragoza	42	Enseñanza superior universitaria	Hombres	2150
Febrero 2011	50	Zaragoza	42	Enseñanza superior universitaria	Mujeres	4181
Enero 2011	22	Huesca	10	Educación Primaria o inferior	Hombres	2118
Enero 2011	22	Huesca	10	Educación Primaria o inferior	Mujeres	1333
Enero 2011	22	Huesca	20	Primera etapa de educación secundaria	Hombres	3872
Enero 2011	22	Huesca	20	Primera etapa de educación secundaria	Mujeres	2686
Enero 2011	22	Huesca	31	Bachillerato	Hombres	453
Enero 2011	22	Huesca	31	Bachillerato	Mujeres	569
Enero 2011	22	Huesca	32	Enseñanza media de formación profesional	Hombres	311
Enero 2011	22	Huesca	32	Enseñanza media de formación profesional	Mujeres	534
Enero 2011	22	Huesca	41	Enseñanza superior de formación profesional	Hombres	228
Enero 2011	22	Huesca	41	Enseñanza superior de formación profesional	Mujeres	395
Enero 2011	22	Huesca	42	Enseñanza superior universitaria	Hombres	320
Enero 2011	22	Huesca	42	Enseñanza superior universitaria	Mujeres	689
Enero 2011	44	Teruel	10	Educación Primaria o inferior	Hombres	2523
Enero 2011	44	Teruel	10	Educación Primaria o inferior	Mujeres	1468
Enero 2011	44	Teruel	20	Primera etapa de educación secundaria	Hombres	1600
Enero 2011	44	Teruel	20	Primera etapa de educación secundaria	Mujeres	1469
Enero 2011	44	Teruel	31	Bachillerato	Hombres	191
Enero 2011	44	Teruel	31	Bachillerato	Mujeres	249
Enero 2011	44	Teruel	32	Enseñanza media de formación profesional	Hombres	249
Enero 2011	44	Teruel	32	Enseñanza media de formación profesional	Mujeres	440
Enero 2011	44	Teruel	41	Enseñanza superior de formación profesional	Hombres	172
Enero 2011	44	Teruel	41	Enseñanza superior de formación profesional	Mujeres	234
Enero 2011	44	Teruel	42	Enseñanza superior universitaria	Hombres	170
Enero 2011	44	Teruel	42	Enseñanza superior universitaria	Mujeres	395
Enero 2011	50	Zaragoza	10	Educación Primaria o inferior	Hombres	5333
Enero 2011	50	Zaragoza	10	Educación Primaria o inferior	Mujeres	3616
Enero 2011	50	Zaragoza	20	Primera etapa de educación secundaria	Hombres	22496
Enero 2011	50	Zaragoza	20	Primera etapa de educación secundaria	Mujeres	19237
Enero 2011	50	Zaragoza	31	Bachillerato	Hombres	3234
Enero 2011	50	Zaragoza	31	Bachillerato	Mujeres	3803
Enero 2011	50	Zaragoza	32	Enseñanza media de formación profesional	Hombres	2124
Enero 2011	50	Zaragoza	32	Enseñanza media de formación profesional	Mujeres	3020
Enero 2011	50	Zaragoza	41	Enseñanza superior de formación profesional	Hombres	1395
Enero 2011	50	Zaragoza	41	Enseñanza superior de formación profesional	Mujeres	2075
Enero 2011	50	Zaragoza	42	Enseñanza superior universitaria	Hombres	2103
Enero 2011	50	Zaragoza	42	Enseñanza superior universitaria	Mujeres	4175
Diciembre 2010	22	Huesca	10	Educación Primaria o inferior	Hombres	2112
Diciembre 2010	22	Huesca	10	Educación Primaria o inferior	Mujeres	1333
Diciembre 2010	22	Huesca	20	Primera etapa de educación secundaria	Hombres	3807
Diciembre 2010	22	Huesca	20	Primera etapa de educación secundaria	Mujeres	2560
Diciembre 2010	22	Huesca	31	Bachillerato	Hombres	427
Diciembre 2010	22	Huesca	31	Bachillerato	Mujeres	519
Diciembre 2010	22	Huesca	32	Enseñanza media de formación profesional	Hombres	290
Diciembre 2010	22	Huesca	32	Enseñanza media de formación profesional	Mujeres	480
Diciembre 2010	22	Huesca	41	Enseñanza superior de formación profesional	Hombres	222
Diciembre 2010	22	Huesca	41	Enseñanza superior de formación profesional	Mujeres	364
Diciembre 2010	22	Huesca	42	Enseñanza superior universitaria	Hombres	320
Diciembre 2010	22	Huesca	42	Enseñanza superior universitaria	Mujeres	653
Diciembre 2010	44	Teruel	10	Educación Primaria o inferior	Hombres	2421
Diciembre 2010	44	Teruel	10	Educación Primaria o inferior	Mujeres	1386
Diciembre 2010	44	Teruel	20	Primera etapa de educación secundaria	Hombres	1492
Diciembre 2010	44	Teruel	20	Primera etapa de educación secundaria	Mujeres	1404
Diciembre 2010	44	Teruel	31	Bachillerato	Hombres	183
Diciembre 2010	44	Teruel	31	Bachillerato	Mujeres	250
Diciembre 2010	44	Teruel	32	Enseñanza media de formación profesional	Hombres	231
Diciembre 2010	44	Teruel	32	Enseñanza media de formación profesional	Mujeres	427
Diciembre 2010	44	Teruel	41	Enseñanza superior de formación profesional	Hombres	166
Diciembre 2010	44	Teruel	41	Enseñanza superior de formación profesional	Mujeres	216
Diciembre 2010	44	Teruel	42	Enseñanza superior universitaria	Hombres	165
Diciembre 2010	44	Teruel	42	Enseñanza superior universitaria	Mujeres	374
Diciembre 2010	50	Zaragoza	10	Educación Primaria o inferior	Hombres	5397
Diciembre 2010	50	Zaragoza	10	Educación Primaria o inferior	Mujeres	3552
Diciembre 2010	50	Zaragoza	20	Primera etapa de educación secundaria	Hombres	22510
Diciembre 2010	50	Zaragoza	20	Primera etapa de educación secundaria	Mujeres	18623
Diciembre 2010	50	Zaragoza	31	Bachillerato	Hombres	3210
Diciembre 2010	50	Zaragoza	31	Bachillerato	Mujeres	3681
Diciembre 2010	50	Zaragoza	32	Enseñanza media de formación profesional	Hombres	2041
Diciembre 2010	50	Zaragoza	32	Enseñanza media de formación profesional	Mujeres	2692
Diciembre 2010	50	Zaragoza	41	Enseñanza superior de formación profesional	Hombres	1326
Diciembre 2010	50	Zaragoza	41	Enseñanza superior de formación profesional	Mujeres	1918
Diciembre 2010	50	Zaragoza	42	Enseñanza superior universitaria	Hombres	2099
Diciembre 2010	50	Zaragoza	42	Enseñanza superior universitaria	Mujeres	3818
Noviembre 2010	22	Huesca	10	Educación Primaria o inferior	Hombres	2082
Noviembre 2010	22	Huesca	10	Educación Primaria o inferior	Mujeres	1388
Noviembre 2010	22	Huesca	20	Primera etapa de educación secundaria	Hombres	3643
Noviembre 2010	22	Huesca	20	Primera etapa de educación secundaria	Mujeres	2665
Noviembre 2010	22	Huesca	31	Bachillerato	Hombres	430
Noviembre 2010	22	Huesca	31	Bachillerato	Mujeres	545
Noviembre 2010	22	Huesca	32	Enseñanza media de formación profesional	Hombres	298
Noviembre 2010	22	Huesca	32	Enseñanza media de formación profesional	Mujeres	505
Noviembre 2010	22	Huesca	41	Enseñanza superior de formación profesional	Hombres	231
Noviembre 2010	22	Huesca	41	Enseñanza superior de formación profesional	Mujeres	373
Noviembre 2010	22	Huesca	42	Enseñanza superior universitaria	Hombres	314
Noviembre 2010	22	Huesca	42	Enseñanza superior universitaria	Mujeres	644
Noviembre 2010	44	Teruel	10	Educación Primaria o inferior	Hombres	2278
Noviembre 2010	44	Teruel	10	Educación Primaria o inferior	Mujeres	1413
Noviembre 2010	44	Teruel	20	Primera etapa de educación secundaria	Hombres	1437
Noviembre 2010	44	Teruel	20	Primera etapa de educación secundaria	Mujeres	1407
Noviembre 2010	44	Teruel	31	Bachillerato	Hombres	180
Noviembre 2010	44	Teruel	31	Bachillerato	Mujeres	267
Noviembre 2010	44	Teruel	32	Enseñanza media de formación profesional	Hombres	231
Noviembre 2010	44	Teruel	32	Enseñanza media de formación profesional	Mujeres	405
Noviembre 2010	44	Teruel	41	Enseñanza superior de formación profesional	Hombres	166
Noviembre 2010	44	Teruel	41	Enseñanza superior de formación profesional	Mujeres	223
Noviembre 2010	44	Teruel	42	Enseñanza superior universitaria	Hombres	157
Noviembre 2010	44	Teruel	42	Enseñanza superior universitaria	Mujeres	363
Noviembre 2010	50	Zaragoza	10	Educación Primaria o inferior	Hombres	5284
Noviembre 2010	50	Zaragoza	10	Educación Primaria o inferior	Mujeres	3541
Noviembre 2010	50	Zaragoza	20	Primera etapa de educación secundaria	Hombres	21781
Noviembre 2010	50	Zaragoza	20	Primera etapa de educación secundaria	Mujeres	18765
Noviembre 2010	50	Zaragoza	31	Bachillerato	Hombres	3110
Noviembre 2010	50	Zaragoza	31	Bachillerato	Mujeres	3697
Noviembre 2010	50	Zaragoza	32	Enseñanza media de formación profesional	Hombres	1938
Noviembre 2010	50	Zaragoza	32	Enseñanza media de formación profesional	Mujeres	2795
Noviembre 2010	50	Zaragoza	41	Enseñanza superior de formación profesional	Hombres	1238
Noviembre 2010	50	Zaragoza	41	Enseñanza superior de formación profesional	Mujeres	1928
Noviembre 2010	50	Zaragoza	42	Enseñanza superior universitaria	Hombres	1992
Noviembre 2010	50	Zaragoza	42	Enseñanza superior universitaria	Mujeres	3809
Octubre 2010	22	Huesca	10	Educación Primaria o inferior	Hombres	2112
Octubre 2010	22	Huesca	10	Educación Primaria o inferior	Mujeres	1347
Octubre 2010	22	Huesca	20	Primera etapa de educación secundaria	Hombres	3595
Octubre 2010	22	Huesca	20	Primera etapa de educación secundaria	Mujeres	2613
Octubre 2010	22	Huesca	31	Bachillerato	Hombres	415
Octubre 2010	22	Huesca	31	Bachillerato	Mujeres	546
Octubre 2010	22	Huesca	32	Enseñanza media de formación profesional	Hombres	291
Octubre 2010	22	Huesca	32	Enseñanza media de formación profesional	Mujeres	495
Octubre 2010	22	Huesca	41	Enseñanza superior de formación profesional	Hombres	245
Octubre 2010	22	Huesca	41	Enseñanza superior de formación profesional	Mujeres	372
Octubre 2010	22	Huesca	42	Enseñanza superior universitaria	Hombres	307
Octubre 2010	22	Huesca	42	Enseñanza superior universitaria	Mujeres	669
Octubre 2010	44	Teruel	10	Educación Primaria o inferior	Hombres	2132
Octubre 2010	44	Teruel	10	Educación Primaria o inferior	Mujeres	1269
Octubre 2010	44	Teruel	20	Primera etapa de educación secundaria	Hombres	1431
Octubre 2010	44	Teruel	20	Primera etapa de educación secundaria	Mujeres	1371
Octubre 2010	44	Teruel	31	Bachillerato	Hombres	173
Octubre 2010	44	Teruel	31	Bachillerato	Mujeres	273
Octubre 2010	44	Teruel	32	Enseñanza media de formación profesional	Hombres	232
Octubre 2010	44	Teruel	32	Enseñanza media de formación profesional	Mujeres	379
Octubre 2010	44	Teruel	41	Enseñanza superior de formación profesional	Hombres	141
Octubre 2010	44	Teruel	41	Enseñanza superior de formación profesional	Mujeres	227
Octubre 2010	44	Teruel	42	Enseñanza superior universitaria	Hombres	170
Octubre 2010	44	Teruel	42	Enseñanza superior universitaria	Mujeres	397
Octubre 2010	50	Zaragoza	10	Educación Primaria o inferior	Hombres	5060
Octubre 2010	50	Zaragoza	10	Educación Primaria o inferior	Mujeres	3353
Octubre 2010	50	Zaragoza	20	Primera etapa de educación secundaria	Hombres	21554
Octubre 2010	50	Zaragoza	20	Primera etapa de educación secundaria	Mujeres	18435
Octubre 2010	50	Zaragoza	31	Bachillerato	Hombres	3110
Octubre 2010	50	Zaragoza	31	Bachillerato	Mujeres	3721
Octubre 2010	50	Zaragoza	32	Enseñanza media de formación profesional	Hombres	1859
Octubre 2010	50	Zaragoza	32	Enseñanza media de formación profesional	Mujeres	2809
Octubre 2010	50	Zaragoza	41	Enseñanza superior de formación profesional	Hombres	1242
Octubre 2010	50	Zaragoza	41	Enseñanza superior de formación profesional	Mujeres	1922
Octubre 2010	50	Zaragoza	42	Enseñanza superior universitaria	Hombres	1966
Octubre 2010	50	Zaragoza	42	Enseñanza superior universitaria	Mujeres	3866
Septiembre 2010	22	Huesca	10	Educación Primaria o inferior	Hombres	1999
Septiembre 2010	22	Huesca	10	Educación Primaria o inferior	Mujeres	1191
Septiembre 2010	22	Huesca	20	Primera etapa de educación secundaria	Hombres	3577
Septiembre 2010	22	Huesca	20	Primera etapa de educación secundaria	Mujeres	2484
Septiembre 2010	22	Huesca	31	Bachillerato	Hombres	400
Septiembre 2010	22	Huesca	31	Bachillerato	Mujeres	544
Septiembre 2010	22	Huesca	32	Enseñanza media de formación profesional	Hombres	294
Septiembre 2010	22	Huesca	32	Enseñanza media de formación profesional	Mujeres	435
Septiembre 2010	22	Huesca	41	Enseñanza superior de formación profesional	Hombres	246
Septiembre 2010	22	Huesca	41	Enseñanza superior de formación profesional	Mujeres	365
Septiembre 2010	22	Huesca	42	Enseñanza superior universitaria	Hombres	326
Septiembre 2010	22	Huesca	42	Enseñanza superior universitaria	Mujeres	663
Septiembre 2010	44	Teruel	10	Educación Primaria o inferior	Hombres	2109
Septiembre 2010	44	Teruel	10	Educación Primaria o inferior	Mujeres	1186
Septiembre 2010	44	Teruel	20	Primera etapa de educación secundaria	Hombres	1366
Septiembre 2010	44	Teruel	20	Primera etapa de educación secundaria	Mujeres	1256
Septiembre 2010	44	Teruel	31	Bachillerato	Hombres	173
Septiembre 2010	44	Teruel	31	Bachillerato	Mujeres	267
Septiembre 2010	44	Teruel	32	Enseñanza media de formación profesional	Hombres	234
Septiembre 2010	44	Teruel	32	Enseñanza media de formación profesional	Mujeres	323
Septiembre 2010	44	Teruel	41	Enseñanza superior de formación profesional	Hombres	130
Septiembre 2010	44	Teruel	41	Enseñanza superior de formación profesional	Mujeres	208
Septiembre 2010	44	Teruel	42	Enseñanza superior universitaria	Hombres	165
Septiembre 2010	44	Teruel	42	Enseñanza superior universitaria	Mujeres	386
Septiembre 2010	50	Zaragoza	10	Educación Primaria o inferior	Hombres	4770
Septiembre 2010	50	Zaragoza	10	Educación Primaria o inferior	Mujeres	3108
Septiembre 2010	50	Zaragoza	20	Primera etapa de educación secundaria	Hombres	21149
Septiembre 2010	50	Zaragoza	20	Primera etapa de educación secundaria	Mujeres	18039
Septiembre 2010	50	Zaragoza	31	Bachillerato	Hombres	3149
Septiembre 2010	50	Zaragoza	31	Bachillerato	Mujeres	3776
Septiembre 2010	50	Zaragoza	32	Enseñanza media de formación profesional	Hombres	1869
Septiembre 2010	50	Zaragoza	32	Enseñanza media de formación profesional	Mujeres	2669
Septiembre 2010	50	Zaragoza	41	Enseñanza superior de formación profesional	Hombres	1323
Septiembre 2010	50	Zaragoza	41	Enseñanza superior de formación profesional	Mujeres	1917
Septiembre 2010	50	Zaragoza	42	Enseñanza superior universitaria	Hombres	2017
Septiembre 2010	50	Zaragoza	42	Enseñanza superior universitaria	Mujeres	3981
Agosto 2010	22	Huesca	10	Educación Primaria o inferior	Hombres	1872
Agosto 2010	22	Huesca	10	Educación Primaria o inferior	Mujeres	1025
Agosto 2010	22	Huesca	20	Primera etapa de educación secundaria	Hombres	3458
Agosto 2010	22	Huesca	20	Primera etapa de educación secundaria	Mujeres	2380
Agosto 2010	22	Huesca	31	Bachillerato	Hombres	400
Agosto 2010	22	Huesca	31	Bachillerato	Mujeres	551
Agosto 2010	22	Huesca	32	Enseñanza media de formación profesional	Hombres	279
Agosto 2010	22	Huesca	32	Enseñanza media de formación profesional	Mujeres	387
Agosto 2010	22	Huesca	41	Enseñanza superior de formación profesional	Hombres	196
Agosto 2010	22	Huesca	41	Enseñanza superior de formación profesional	Mujeres	346
Agosto 2010	22	Huesca	42	Enseñanza superior universitaria	Hombres	317
Agosto 2010	22	Huesca	42	Enseñanza superior universitaria	Mujeres	719
Agosto 2010	44	Teruel	10	Educación Primaria o inferior	Hombres	2189
Agosto 2010	44	Teruel	10	Educación Primaria o inferior	Mujeres	1205
Agosto 2010	44	Teruel	20	Primera etapa de educación secundaria	Hombres	1351
Agosto 2010	44	Teruel	20	Primera etapa de educación secundaria	Mujeres	1212
Agosto 2010	44	Teruel	31	Bachillerato	Hombres	188
Agosto 2010	44	Teruel	31	Bachillerato	Mujeres	254
Agosto 2010	44	Teruel	32	Enseñanza media de formación profesional	Hombres	214
Agosto 2010	44	Teruel	32	Enseñanza media de formación profesional	Mujeres	310
Agosto 2010	44	Teruel	41	Enseñanza superior de formación profesional	Hombres	132
Agosto 2010	44	Teruel	41	Enseñanza superior de formación profesional	Mujeres	199
Agosto 2010	44	Teruel	42	Enseñanza superior universitaria	Hombres	159
Agosto 2010	44	Teruel	42	Enseñanza superior universitaria	Mujeres	402
Agosto 2010	50	Zaragoza	10	Educación Primaria o inferior	Hombres	4887
Agosto 2010	50	Zaragoza	10	Educación Primaria o inferior	Mujeres	3010
Agosto 2010	50	Zaragoza	20	Primera etapa de educación secundaria	Hombres	21609
Agosto 2010	50	Zaragoza	20	Primera etapa de educación secundaria	Mujeres	17948
Agosto 2010	50	Zaragoza	31	Bachillerato	Hombres	3240
Agosto 2010	50	Zaragoza	31	Bachillerato	Mujeres	3920
Agosto 2010	50	Zaragoza	32	Enseñanza media de formación profesional	Hombres	1904
Agosto 2010	50	Zaragoza	32	Enseñanza media de formación profesional	Mujeres	2654
Agosto 2010	50	Zaragoza	41	Enseñanza superior de formación profesional	Hombres	1486
Agosto 2010	50	Zaragoza	41	Enseñanza superior de formación profesional	Mujeres	2050
Agosto 2010	50	Zaragoza	42	Enseñanza superior universitaria	Hombres	2145
Agosto 2010	50	Zaragoza	42	Enseñanza superior universitaria	Mujeres	4305
Julio 2010	22	Huesca	10	Educación Primaria o inferior	Hombres	1960
Julio 2010	22	Huesca	10	Educación Primaria o inferior	Mujeres	1032
Julio 2010	22	Huesca	20	Primera etapa de educación secundaria	Hombres	3321
Julio 2010	22	Huesca	20	Primera etapa de educación secundaria	Mujeres	2385
Julio 2010	22	Huesca	31	Bachillerato	Hombres	399
Julio 2010	22	Huesca	31	Bachillerato	Mujeres	549
Julio 2010	22	Huesca	32	Enseñanza media de formación profesional	Hombres	263
Julio 2010	22	Huesca	32	Enseñanza media de formación profesional	Mujeres	391
Julio 2010	22	Huesca	41	Enseñanza superior de formación profesional	Hombres	190
Julio 2010	22	Huesca	41	Enseñanza superior de formación profesional	Mujeres	326
Julio 2010	22	Huesca	42	Enseñanza superior universitaria	Hombres	282
Julio 2010	22	Huesca	42	Enseñanza superior universitaria	Mujeres	655
Julio 2010	44	Teruel	10	Educación Primaria o inferior	Hombres	2160
Julio 2010	44	Teruel	10	Educación Primaria o inferior	Mujeres	1236
Julio 2010	44	Teruel	20	Primera etapa de educación secundaria	Hombres	1401
Julio 2010	44	Teruel	20	Primera etapa de educación secundaria	Mujeres	1263
Julio 2010	44	Teruel	31	Bachillerato	Hombres	193
Julio 2010	44	Teruel	31	Bachillerato	Mujeres	256
Julio 2010	44	Teruel	32	Enseñanza media de formación profesional	Hombres	217
Julio 2010	44	Teruel	32	Enseñanza media de formación profesional	Mujeres	312
Julio 2010	44	Teruel	41	Enseñanza superior de formación profesional	Hombres	139
Julio 2010	44	Teruel	41	Enseñanza superior de formación profesional	Mujeres	202
Julio 2010	44	Teruel	42	Enseñanza superior universitaria	Hombres	153
Julio 2010	44	Teruel	42	Enseñanza superior universitaria	Mujeres	374
Julio 2010	50	Zaragoza	10	Educación Primaria o inferior	Hombres	5039
Julio 2010	50	Zaragoza	10	Educación Primaria o inferior	Mujeres	3072
Julio 2010	50	Zaragoza	20	Primera etapa de educación secundaria	Hombres	21734
Julio 2010	50	Zaragoza	20	Primera etapa de educación secundaria	Mujeres	18031
Julio 2010	50	Zaragoza	31	Bachillerato	Hombres	3211
Julio 2010	50	Zaragoza	31	Bachillerato	Mujeres	3778
Julio 2010	50	Zaragoza	32	Enseñanza media de formación profesional	Hombres	1844
Julio 2010	50	Zaragoza	32	Enseñanza media de formación profesional	Mujeres	2554
Julio 2010	50	Zaragoza	41	Enseñanza superior de formación profesional	Hombres	1422
Julio 2010	50	Zaragoza	41	Enseñanza superior de formación profesional	Mujeres	1987
Julio 2010	50	Zaragoza	42	Enseñanza superior universitaria	Hombres	2091
Julio 2010	50	Zaragoza	42	Enseñanza superior universitaria	Mujeres	4018
Junio 2010	22	Huesca	10	Educación Primaria o inferior	Hombres	1990
Junio 2010	22	Huesca	10	Educación Primaria o inferior	Mujeres	1103
Junio 2010	22	Huesca	20	Primera etapa de educación secundaria	Hombres	3592
Junio 2010	22	Huesca	20	Primera etapa de educación secundaria	Mujeres	2601
Junio 2010	22	Huesca	31	Bachillerato	Hombres	401
Junio 2010	22	Huesca	31	Bachillerato	Mujeres	580
Junio 2010	22	Huesca	32	Enseñanza media de formación profesional	Hombres	292
Junio 2010	22	Huesca	32	Enseñanza media de formación profesional	Mujeres	452
Junio 2010	22	Huesca	41	Enseñanza superior de formación profesional	Hombres	217
Junio 2010	22	Huesca	41	Enseñanza superior de formación profesional	Mujeres	356
Junio 2010	22	Huesca	42	Enseñanza superior universitaria	Hombres	264
Junio 2010	22	Huesca	42	Enseñanza superior universitaria	Mujeres	638
Junio 2010	44	Teruel	10	Educación Primaria o inferior	Hombres	2199
Junio 2010	44	Teruel	10	Educación Primaria o inferior	Mujeres	1276
Junio 2010	44	Teruel	20	Primera etapa de educación secundaria	Hombres	1516
Junio 2010	44	Teruel	20	Primera etapa de educación secundaria	Mujeres	1394
Junio 2010	44	Teruel	31	Bachillerato	Hombres	187
Junio 2010	44	Teruel	31	Bachillerato	Mujeres	253
Junio 2010	44	Teruel	32	Enseñanza media de formación profesional	Hombres	242
Junio 2010	44	Teruel	32	Enseñanza media de formación profesional	Mujeres	361
Junio 2010	44	Teruel	41	Enseñanza superior de formación profesional	Hombres	152
Junio 2010	44	Teruel	41	Enseñanza superior de formación profesional	Mujeres	218
Junio 2010	44	Teruel	42	Enseñanza superior universitaria	Hombres	150
Junio 2010	44	Teruel	42	Enseñanza superior universitaria	Mujeres	356
Junio 2010	50	Zaragoza	10	Educación Primaria o inferior	Hombres	5027
Junio 2010	50	Zaragoza	10	Educación Primaria o inferior	Mujeres	3034
Junio 2010	50	Zaragoza	20	Primera etapa de educación secundaria	Hombres	22302
Junio 2010	50	Zaragoza	20	Primera etapa de educación secundaria	Mujeres	18421
Junio 2010	50	Zaragoza	31	Bachillerato	Hombres	3231
Junio 2010	50	Zaragoza	31	Bachillerato	Mujeres	3760
Junio 2010	50	Zaragoza	32	Enseñanza media de formación profesional	Hombres	1950
Junio 2010	50	Zaragoza	32	Enseñanza media de formación profesional	Mujeres	2723
Junio 2010	50	Zaragoza	41	Enseñanza superior de formación profesional	Hombres	1438
Junio 2010	50	Zaragoza	41	Enseñanza superior de formación profesional	Mujeres	1983
Junio 2010	50	Zaragoza	42	Enseñanza superior universitaria	Hombres	2006
Junio 2010	50	Zaragoza	42	Enseñanza superior universitaria	Mujeres	3829
Mayo 2010	22	Huesca	10	Educación Primaria o inferior	Hombres	2060
Mayo 2010	22	Huesca	10	Educación Primaria o inferior	Mujeres	1184
Mayo 2010	22	Huesca	20	Primera etapa de educación secundaria	Hombres	3760
Mayo 2010	22	Huesca	20	Primera etapa de educación secundaria	Mujeres	2751
Mayo 2010	22	Huesca	31	Bachillerato	Hombres	452
Mayo 2010	22	Huesca	31	Bachillerato	Mujeres	621
Mayo 2010	22	Huesca	32	Enseñanza media de formación profesional	Hombres	295
Mayo 2010	22	Huesca	32	Enseñanza media de formación profesional	Mujeres	510
Mayo 2010	22	Huesca	41	Enseñanza superior de formación profesional	Hombres	228
Mayo 2010	22	Huesca	41	Enseñanza superior de formación profesional	Mujeres	381
Mayo 2010	22	Huesca	42	Enseñanza superior universitaria	Hombres	253
Mayo 2010	22	Huesca	42	Enseñanza superior universitaria	Mujeres	633
Mayo 2010	44	Teruel	10	Educación Primaria o inferior	Hombres	2323
Mayo 2010	44	Teruel	10	Educación Primaria o inferior	Mujeres	1272
Mayo 2010	44	Teruel	20	Primera etapa de educación secundaria	Hombres	1534
Mayo 2010	44	Teruel	20	Primera etapa de educación secundaria	Mujeres	1417
Mayo 2010	44	Teruel	31	Bachillerato	Hombres	205
Mayo 2010	44	Teruel	31	Bachillerato	Mujeres	291
Mayo 2010	44	Teruel	32	Enseñanza media de formación profesional	Hombres	223
Mayo 2010	44	Teruel	32	Enseñanza media de formación profesional	Mujeres	396
Mayo 2010	44	Teruel	41	Enseñanza superior de formación profesional	Hombres	128
Mayo 2010	44	Teruel	41	Enseñanza superior de formación profesional	Mujeres	218
Mayo 2010	44	Teruel	42	Enseñanza superior universitaria	Hombres	136
Mayo 2010	44	Teruel	42	Enseñanza superior universitaria	Mujeres	358
Mayo 2010	50	Zaragoza	10	Educación Primaria o inferior	Hombres	5179
Mayo 2010	50	Zaragoza	10	Educación Primaria o inferior	Mujeres	3081
Mayo 2010	50	Zaragoza	20	Primera etapa de educación secundaria	Hombres	23241
Mayo 2010	50	Zaragoza	20	Primera etapa de educación secundaria	Mujeres	18605
Mayo 2010	50	Zaragoza	31	Bachillerato	Hombres	3410
Mayo 2010	50	Zaragoza	31	Bachillerato	Mujeres	3894
Mayo 2010	50	Zaragoza	32	Enseñanza media de formación profesional	Hombres	2061
Mayo 2010	50	Zaragoza	32	Enseñanza media de formación profesional	Mujeres	2960
Mayo 2010	50	Zaragoza	41	Enseñanza superior de formación profesional	Hombres	1460
Mayo 2010	50	Zaragoza	41	Enseñanza superior de formación profesional	Mujeres	2027
Mayo 2010	50	Zaragoza	42	Enseñanza superior universitaria	Hombres	2035
Mayo 2010	50	Zaragoza	42	Enseñanza superior universitaria	Mujeres	3832
Abril 2010	22	Huesca	10	Educación Primaria o inferior	Hombres	2387
Abril 2010	22	Huesca	10	Educación Primaria o inferior	Mujeres	1291
Abril 2010	22	Huesca	20	Primera etapa de educación secundaria	Hombres	3926
Abril 2010	22	Huesca	20	Primera etapa de educación secundaria	Mujeres	2723
Abril 2010	22	Huesca	31	Bachillerato	Hombres	440
Abril 2010	22	Huesca	31	Bachillerato	Mujeres	598
Abril 2010	22	Huesca	32	Enseñanza media de formación profesional	Hombres	304
Abril 2010	22	Huesca	32	Enseñanza media de formación profesional	Mujeres	519
Abril 2010	22	Huesca	41	Enseñanza superior de formación profesional	Hombres	225
Abril 2010	22	Huesca	41	Enseñanza superior de formación profesional	Mujeres	361
Abril 2010	22	Huesca	42	Enseñanza superior universitaria	Hombres	235
Abril 2010	22	Huesca	42	Enseñanza superior universitaria	Mujeres	611
Abril 2010	44	Teruel	10	Educación Primaria o inferior	Hombres	2456
Abril 2010	44	Teruel	10	Educación Primaria o inferior	Mujeres	1314
Abril 2010	44	Teruel	20	Primera etapa de educación secundaria	Hombres	1520
Abril 2010	44	Teruel	20	Primera etapa de educación secundaria	Mujeres	1445
Abril 2010	44	Teruel	31	Bachillerato	Hombres	201
Abril 2010	44	Teruel	31	Bachillerato	Mujeres	284
Abril 2010	44	Teruel	32	Enseñanza media de formación profesional	Hombres	235
Abril 2010	44	Teruel	32	Enseñanza media de formación profesional	Mujeres	390
Abril 2010	44	Teruel	41	Enseñanza superior de formación profesional	Hombres	129
Abril 2010	44	Teruel	41	Enseñanza superior de formación profesional	Mujeres	210
Abril 2010	44	Teruel	42	Enseñanza superior universitaria	Hombres	133
Abril 2010	44	Teruel	42	Enseñanza superior universitaria	Mujeres	339
Abril 2010	50	Zaragoza	10	Educación Primaria o inferior	Hombres	5505
Abril 2010	50	Zaragoza	10	Educación Primaria o inferior	Mujeres	3125
Abril 2010	50	Zaragoza	20	Primera etapa de educación secundaria	Hombres	24153
Abril 2010	50	Zaragoza	20	Primera etapa de educación secundaria	Mujeres	18981
Abril 2010	50	Zaragoza	31	Bachillerato	Hombres	3444
Abril 2010	50	Zaragoza	31	Bachillerato	Mujeres	3919
Abril 2010	50	Zaragoza	32	Enseñanza media de formación profesional	Hombres	2115
Abril 2010	50	Zaragoza	32	Enseñanza media de formación profesional	Mujeres	3017
Abril 2010	50	Zaragoza	41	Enseñanza superior de formación profesional	Hombres	1518
Abril 2010	50	Zaragoza	41	Enseñanza superior de formación profesional	Mujeres	2083
Abril 2010	50	Zaragoza	42	Enseñanza superior universitaria	Hombres	2053
Abril 2010	50	Zaragoza	42	Enseñanza superior universitaria	Mujeres	3893
Marzo 2010	22	Huesca	10	Educación Primaria o inferior	Hombres	2383
Marzo 2010	22	Huesca	10	Educación Primaria o inferior	Mujeres	1245
Marzo 2010	22	Huesca	20	Primera etapa de educación secundaria	Hombres	3864
Marzo 2010	22	Huesca	20	Primera etapa de educación secundaria	Mujeres	2722
Marzo 2010	22	Huesca	31	Bachillerato	Hombres	442
Marzo 2010	22	Huesca	31	Bachillerato	Mujeres	545
Marzo 2010	22	Huesca	32	Enseñanza media de formación profesional	Hombres	298
Marzo 2010	22	Huesca	32	Enseñanza media de formación profesional	Mujeres	482
Marzo 2010	22	Huesca	41	Enseñanza superior de formación profesional	Hombres	223
Marzo 2010	22	Huesca	41	Enseñanza superior de formación profesional	Mujeres	346
Marzo 2010	22	Huesca	42	Enseñanza superior universitaria	Hombres	237
Marzo 2010	22	Huesca	42	Enseñanza superior universitaria	Mujeres	575
Marzo 2010	44	Teruel	10	Educación Primaria o inferior	Hombres	2517
Marzo 2010	44	Teruel	10	Educación Primaria o inferior	Mujeres	1290
Marzo 2010	44	Teruel	20	Primera etapa de educación secundaria	Hombres	1570
Marzo 2010	44	Teruel	20	Primera etapa de educación secundaria	Mujeres	1457
Marzo 2010	44	Teruel	31	Bachillerato	Hombres	197
Marzo 2010	44	Teruel	31	Bachillerato	Mujeres	268
Marzo 2010	44	Teruel	32	Enseñanza media de formación profesional	Hombres	233
Marzo 2010	44	Teruel	32	Enseñanza media de formación profesional	Mujeres	358
Marzo 2010	44	Teruel	41	Enseñanza superior de formación profesional	Hombres	114
Marzo 2010	44	Teruel	41	Enseñanza superior de formación profesional	Mujeres	199
Marzo 2010	44	Teruel	42	Enseñanza superior universitaria	Hombres	123
Marzo 2010	44	Teruel	42	Enseñanza superior universitaria	Mujeres	321
Marzo 2010	50	Zaragoza	10	Educación Primaria o inferior	Hombres	5432
Marzo 2010	50	Zaragoza	10	Educación Primaria o inferior	Mujeres	3116
Marzo 2010	50	Zaragoza	20	Primera etapa de educación secundaria	Hombres	24250
Marzo 2010	50	Zaragoza	20	Primera etapa de educación secundaria	Mujeres	18954
Marzo 2010	50	Zaragoza	31	Bachillerato	Hombres	3450
Marzo 2010	50	Zaragoza	31	Bachillerato	Mujeres	3904
Marzo 2010	50	Zaragoza	32	Enseñanza media de formación profesional	Hombres	2177
Marzo 2010	50	Zaragoza	32	Enseñanza media de formación profesional	Mujeres	3040
Marzo 2010	50	Zaragoza	41	Enseñanza superior de formación profesional	Hombres	1492
Marzo 2010	50	Zaragoza	41	Enseñanza superior de formación profesional	Mujeres	2108
Marzo 2010	50	Zaragoza	42	Enseñanza superior universitaria	Hombres	2033
Marzo 2010	50	Zaragoza	42	Enseñanza superior universitaria	Mujeres	3868
Febrero 2010	22	Huesca	10	Educación Primaria o inferior	Hombres	2317
Febrero 2010	22	Huesca	10	Educación Primaria o inferior	Mujeres	1203
Febrero 2010	22	Huesca	20	Primera etapa de educación secundaria	Hombres	3825
Febrero 2010	22	Huesca	20	Primera etapa de educación secundaria	Mujeres	2642
Febrero 2010	22	Huesca	31	Bachillerato	Hombres	441
Febrero 2010	22	Huesca	31	Bachillerato	Mujeres	575
Febrero 2010	22	Huesca	32	Enseñanza media de formación profesional	Hombres	288
Febrero 2010	22	Huesca	32	Enseñanza media de formación profesional	Mujeres	482
Febrero 2010	22	Huesca	41	Enseñanza superior de formación profesional	Hombres	232
Febrero 2010	22	Huesca	41	Enseñanza superior de formación profesional	Mujeres	334
Febrero 2010	22	Huesca	42	Enseñanza superior universitaria	Hombres	250
Febrero 2010	22	Huesca	42	Enseñanza superior universitaria	Mujeres	576
Febrero 2010	44	Teruel	10	Educación Primaria o inferior	Hombres	2502
Febrero 2010	44	Teruel	10	Educación Primaria o inferior	Mujeres	1293
Febrero 2010	44	Teruel	20	Primera etapa de educación secundaria	Hombres	1567
Febrero 2010	44	Teruel	20	Primera etapa de educación secundaria	Mujeres	1487
Febrero 2010	44	Teruel	31	Bachillerato	Hombres	188
Febrero 2010	44	Teruel	31	Bachillerato	Mujeres	248
Febrero 2010	44	Teruel	32	Enseñanza media de formación profesional	Hombres	230
Febrero 2010	44	Teruel	32	Enseñanza media de formación profesional	Mujeres	387
Febrero 2010	44	Teruel	41	Enseñanza superior de formación profesional	Hombres	117
Febrero 2010	44	Teruel	41	Enseñanza superior de formación profesional	Mujeres	205
Febrero 2010	44	Teruel	42	Enseñanza superior universitaria	Hombres	126
Febrero 2010	44	Teruel	42	Enseñanza superior universitaria	Mujeres	339
Febrero 2010	50	Zaragoza	10	Educación Primaria o inferior	Hombres	5254
Febrero 2010	50	Zaragoza	10	Educación Primaria o inferior	Mujeres	2982
Febrero 2010	50	Zaragoza	20	Primera etapa de educación secundaria	Hombres	23462
Febrero 2010	50	Zaragoza	20	Primera etapa de educación secundaria	Mujeres	18486
Febrero 2010	50	Zaragoza	31	Bachillerato	Hombres	3395
Febrero 2010	50	Zaragoza	31	Bachillerato	Mujeres	3838
Febrero 2010	50	Zaragoza	32	Enseñanza media de formación profesional	Hombres	2104
Febrero 2010	50	Zaragoza	32	Enseñanza media de formación profesional	Mujeres	2997
Febrero 2010	50	Zaragoza	41	Enseñanza superior de formación profesional	Hombres	1395
Febrero 2010	50	Zaragoza	41	Enseñanza superior de formación profesional	Mujeres	1983
Febrero 2010	50	Zaragoza	42	Enseñanza superior universitaria	Hombres	1939
Febrero 2010	50	Zaragoza	42	Enseñanza superior universitaria	Mujeres	3716
Enero 2010	22	Huesca	10	Educación Primaria o inferior	Hombres	2254
Enero 2010	22	Huesca	10	Educación Primaria o inferior	Mujeres	1146
Enero 2010	22	Huesca	20	Primera etapa de educación secundaria	Hombres	3813
Enero 2010	22	Huesca	20	Primera etapa de educación secundaria	Mujeres	2580
Enero 2010	22	Huesca	31	Bachillerato	Hombres	447
Enero 2010	22	Huesca	31	Bachillerato	Mujeres	560
Enero 2010	22	Huesca	32	Enseñanza media de formación profesional	Hombres	299
Enero 2010	22	Huesca	32	Enseñanza media de formación profesional	Mujeres	489
Enero 2010	22	Huesca	41	Enseñanza superior de formación profesional	Hombres	242
Enero 2010	22	Huesca	41	Enseñanza superior de formación profesional	Mujeres	331
Enero 2010	22	Huesca	42	Enseñanza superior universitaria	Hombres	263
Enero 2010	22	Huesca	42	Enseñanza superior universitaria	Mujeres	564
Enero 2010	44	Teruel	10	Educación Primaria o inferior	Hombres	2464
Enero 2010	44	Teruel	10	Educación Primaria o inferior	Mujeres	1280
Enero 2010	44	Teruel	20	Primera etapa de educación secundaria	Hombres	1510
Enero 2010	44	Teruel	20	Primera etapa de educación secundaria	Mujeres	1446
Enero 2010	44	Teruel	31	Bachillerato	Hombres	181
Enero 2010	44	Teruel	31	Bachillerato	Mujeres	245
Enero 2010	44	Teruel	32	Enseñanza media de formación profesional	Hombres	233
Enero 2010	44	Teruel	32	Enseñanza media de formación profesional	Mujeres	360
Enero 2010	44	Teruel	41	Enseñanza superior de formación profesional	Hombres	111
Enero 2010	44	Teruel	41	Enseñanza superior de formación profesional	Mujeres	209
Enero 2010	44	Teruel	42	Enseñanza superior universitaria	Hombres	135
Enero 2010	44	Teruel	42	Enseñanza superior universitaria	Mujeres	351
Enero 2010	50	Zaragoza	10	Educación Primaria o inferior	Hombres	5099
Enero 2010	50	Zaragoza	10	Educación Primaria o inferior	Mujeres	2823
Enero 2010	50	Zaragoza	20	Primera etapa de educación secundaria	Hombres	22907
Enero 2010	50	Zaragoza	20	Primera etapa de educación secundaria	Mujeres	17937
Enero 2010	50	Zaragoza	31	Bachillerato	Hombres	3339
Enero 2010	50	Zaragoza	31	Bachillerato	Mujeres	3769
Enero 2010	50	Zaragoza	32	Enseñanza media de formación profesional	Hombres	2064
Enero 2010	50	Zaragoza	32	Enseñanza media de formación profesional	Mujeres	2878
Enero 2010	50	Zaragoza	41	Enseñanza superior de formación profesional	Hombres	1357
Enero 2010	50	Zaragoza	41	Enseñanza superior de formación profesional	Mujeres	1942
Enero 2010	50	Zaragoza	42	Enseñanza superior universitaria	Hombres	2016
Enero 2010	50	Zaragoza	42	Enseñanza superior universitaria	Mujeres	3628
Diciembre 2009	22	Huesca	10	Educación Primaria o inferior	Hombres	2190
Diciembre 2009	22	Huesca	10	Educación Primaria o inferior	Mujeres	1091
Diciembre 2009	22	Huesca	20	Primera etapa de educación secundaria	Hombres	3725
Diciembre 2009	22	Huesca	20	Primera etapa de educación secundaria	Mujeres	2445
Diciembre 2009	22	Huesca	31	Bachillerato	Hombres	415
Diciembre 2009	22	Huesca	31	Bachillerato	Mujeres	538
Diciembre 2009	22	Huesca	32	Enseñanza media de formación profesional	Hombres	276
Diciembre 2009	22	Huesca	32	Enseñanza media de formación profesional	Mujeres	448
Diciembre 2009	22	Huesca	41	Enseñanza superior de formación profesional	Hombres	226
Diciembre 2009	22	Huesca	41	Enseñanza superior de formación profesional	Mujeres	301
Diciembre 2009	22	Huesca	42	Enseñanza superior universitaria	Hombres	254
Diciembre 2009	22	Huesca	42	Enseñanza superior universitaria	Mujeres	520
Diciembre 2009	44	Teruel	10	Educación Primaria o inferior	Hombres	2306
Diciembre 2009	44	Teruel	10	Educación Primaria o inferior	Mujeres	1226
Diciembre 2009	44	Teruel	20	Primera etapa de educación secundaria	Hombres	1421
Diciembre 2009	44	Teruel	20	Primera etapa de educación secundaria	Mujeres	1422
Diciembre 2009	44	Teruel	31	Bachillerato	Hombres	172
Diciembre 2009	44	Teruel	31	Bachillerato	Mujeres	236
Diciembre 2009	44	Teruel	32	Enseñanza media de formación profesional	Hombres	233
Diciembre 2009	44	Teruel	32	Enseñanza media de formación profesional	Mujeres	354
Diciembre 2009	44	Teruel	41	Enseñanza superior de formación profesional	Hombres	113
Diciembre 2009	44	Teruel	41	Enseñanza superior de formación profesional	Mujeres	186
Diciembre 2009	44	Teruel	42	Enseñanza superior universitaria	Hombres	118
Diciembre 2009	44	Teruel	42	Enseñanza superior universitaria	Mujeres	312
Diciembre 2009	50	Zaragoza	10	Educación Primaria o inferior	Hombres	5062
Diciembre 2009	50	Zaragoza	10	Educación Primaria o inferior	Mujeres	2705
Diciembre 2009	50	Zaragoza	20	Primera etapa de educación secundaria	Hombres	22393
Diciembre 2009	50	Zaragoza	20	Primera etapa de educación secundaria	Mujeres	17190
Diciembre 2009	50	Zaragoza	31	Bachillerato	Hombres	3299
Diciembre 2009	50	Zaragoza	31	Bachillerato	Mujeres	3493
Diciembre 2009	50	Zaragoza	32	Enseñanza media de formación profesional	Hombres	2005
Diciembre 2009	50	Zaragoza	32	Enseñanza media de formación profesional	Mujeres	2579
Diciembre 2009	50	Zaragoza	41	Enseñanza superior de formación profesional	Hombres	1366
Diciembre 2009	50	Zaragoza	41	Enseñanza superior de formación profesional	Mujeres	1817
Diciembre 2009	50	Zaragoza	42	Enseñanza superior universitaria	Hombres	1833
Diciembre 2009	50	Zaragoza	42	Enseñanza superior universitaria	Mujeres	3353
Noviembre 2009	22	Huesca	10	Educación Primaria o inferior	Hombres	2112
Noviembre 2009	22	Huesca	10	Educación Primaria o inferior	Mujeres	1105
Noviembre 2009	22	Huesca	20	Primera etapa de educación secundaria	Hombres	3505
Noviembre 2009	22	Huesca	20	Primera etapa de educación secundaria	Mujeres	2517
Noviembre 2009	22	Huesca	31	Bachillerato	Hombres	425
Noviembre 2009	22	Huesca	31	Bachillerato	Mujeres	558
Noviembre 2009	22	Huesca	32	Enseñanza media de formación profesional	Hombres	266
Noviembre 2009	22	Huesca	32	Enseñanza media de formación profesional	Mujeres	436
Noviembre 2009	22	Huesca	41	Enseñanza superior de formación profesional	Hombres	217
Noviembre 2009	22	Huesca	41	Enseñanza superior de formación profesional	Mujeres	316
Noviembre 2009	22	Huesca	42	Enseñanza superior universitaria	Hombres	243
Noviembre 2009	22	Huesca	42	Enseñanza superior universitaria	Mujeres	533
Noviembre 2009	44	Teruel	10	Educación Primaria o inferior	Hombres	2162
Noviembre 2009	44	Teruel	10	Educación Primaria o inferior	Mujeres	1218
Noviembre 2009	44	Teruel	20	Primera etapa de educación secundaria	Hombres	1341
Noviembre 2009	44	Teruel	20	Primera etapa de educación secundaria	Mujeres	1422
Noviembre 2009	44	Teruel	31	Bachillerato	Hombres	184
Noviembre 2009	44	Teruel	31	Bachillerato	Mujeres	249
Noviembre 2009	44	Teruel	32	Enseñanza media de formación profesional	Hombres	223
Noviembre 2009	44	Teruel	32	Enseñanza media de formación profesional	Mujeres	339
Noviembre 2009	44	Teruel	41	Enseñanza superior de formación profesional	Hombres	116
Noviembre 2009	44	Teruel	41	Enseñanza superior de formación profesional	Mujeres	189
Noviembre 2009	44	Teruel	42	Enseñanza superior universitaria	Hombres	110
Noviembre 2009	44	Teruel	42	Enseñanza superior universitaria	Mujeres	314
Noviembre 2009	50	Zaragoza	10	Educación Primaria o inferior	Hombres	4789
Noviembre 2009	50	Zaragoza	10	Educación Primaria o inferior	Mujeres	2710
Noviembre 2009	50	Zaragoza	20	Primera etapa de educación secundaria	Hombres	21198
Noviembre 2009	50	Zaragoza	20	Primera etapa de educación secundaria	Mujeres	17206
Noviembre 2009	50	Zaragoza	31	Bachillerato	Hombres	3201
Noviembre 2009	50	Zaragoza	31	Bachillerato	Mujeres	3496
Noviembre 2009	50	Zaragoza	32	Enseñanza media de formación profesional	Hombres	1895
Noviembre 2009	50	Zaragoza	32	Enseñanza media de formación profesional	Mujeres	2565
Noviembre 2009	50	Zaragoza	41	Enseñanza superior de formación profesional	Hombres	1260
Noviembre 2009	50	Zaragoza	41	Enseñanza superior de formación profesional	Mujeres	1766
Noviembre 2009	50	Zaragoza	42	Enseñanza superior universitaria	Hombres	1751
Noviembre 2009	50	Zaragoza	42	Enseñanza superior universitaria	Mujeres	3259
Octubre 2009	22	Huesca	10	Educación Primaria o inferior	Hombres	2110
Octubre 2009	22	Huesca	10	Educación Primaria o inferior	Mujeres	1114
Octubre 2009	22	Huesca	20	Primera etapa de educación secundaria	Hombres	3436
Octubre 2009	22	Huesca	20	Primera etapa de educación secundaria	Mujeres	2543
Octubre 2009	22	Huesca	31	Bachillerato	Hombres	440
Octubre 2009	22	Huesca	31	Bachillerato	Mujeres	566
Octubre 2009	22	Huesca	32	Enseñanza media de formación profesional	Hombres	273
Octubre 2009	22	Huesca	32	Enseñanza media de formación profesional	Mujeres	455
Octubre 2009	22	Huesca	41	Enseñanza superior de formación profesional	Hombres	232
Octubre 2009	22	Huesca	41	Enseñanza superior de formación profesional	Mujeres	310
Octubre 2009	22	Huesca	42	Enseñanza superior universitaria	Hombres	243
Octubre 2009	22	Huesca	42	Enseñanza superior universitaria	Mujeres	551
Octubre 2009	44	Teruel	10	Educación Primaria o inferior	Hombres	2018
Octubre 2009	44	Teruel	10	Educación Primaria o inferior	Mujeres	1088
Octubre 2009	44	Teruel	20	Primera etapa de educación secundaria	Hombres	1267
Octubre 2009	44	Teruel	20	Primera etapa de educación secundaria	Mujeres	1361
Octubre 2009	44	Teruel	31	Bachillerato	Hombres	182
Octubre 2009	44	Teruel	31	Bachillerato	Mujeres	236
Octubre 2009	44	Teruel	32	Enseñanza media de formación profesional	Hombres	200
Octubre 2009	44	Teruel	32	Enseñanza media de formación profesional	Mujeres	352
Octubre 2009	44	Teruel	41	Enseñanza superior de formación profesional	Hombres	110
Octubre 2009	44	Teruel	41	Enseñanza superior de formación profesional	Mujeres	194
Octubre 2009	44	Teruel	42	Enseñanza superior universitaria	Hombres	109
Octubre 2009	44	Teruel	42	Enseñanza superior universitaria	Mujeres	309
Octubre 2009	50	Zaragoza	10	Educación Primaria o inferior	Hombres	4677
Octubre 2009	50	Zaragoza	10	Educación Primaria o inferior	Mujeres	2585
Octubre 2009	50	Zaragoza	20	Primera etapa de educación secundaria	Hombres	20741
Octubre 2009	50	Zaragoza	20	Primera etapa de educación secundaria	Mujeres	16878
Octubre 2009	50	Zaragoza	31	Bachillerato	Hombres	3190
Octubre 2009	50	Zaragoza	31	Bachillerato	Mujeres	3459
Octubre 2009	50	Zaragoza	32	Enseñanza media de formación profesional	Hombres	1917
Octubre 2009	50	Zaragoza	32	Enseñanza media de formación profesional	Mujeres	2488
Octubre 2009	50	Zaragoza	41	Enseñanza superior de formación profesional	Hombres	1290
Octubre 2009	50	Zaragoza	41	Enseñanza superior de formación profesional	Mujeres	1735
Octubre 2009	50	Zaragoza	42	Enseñanza superior universitaria	Hombres	1751
Octubre 2009	50	Zaragoza	42	Enseñanza superior universitaria	Mujeres	3310
Septiembre 2009	22	Huesca	10	Educación Primaria o inferior	Hombres	2003
Septiembre 2009	22	Huesca	10	Educación Primaria o inferior	Mujeres	996
Septiembre 2009	22	Huesca	20	Primera etapa de educación secundaria	Hombres	3302
Septiembre 2009	22	Huesca	20	Primera etapa de educación secundaria	Mujeres	2399
Septiembre 2009	22	Huesca	31	Bachillerato	Hombres	434
Septiembre 2009	22	Huesca	31	Bachillerato	Mujeres	546
Septiembre 2009	22	Huesca	32	Enseñanza media de formación profesional	Hombres	258
Septiembre 2009	22	Huesca	32	Enseñanza media de formación profesional	Mujeres	405
Septiembre 2009	22	Huesca	41	Enseñanza superior de formación profesional	Hombres	212
Septiembre 2009	22	Huesca	41	Enseñanza superior de formación profesional	Mujeres	307
Septiembre 2009	22	Huesca	42	Enseñanza superior universitaria	Hombres	231
Septiembre 2009	22	Huesca	42	Enseñanza superior universitaria	Mujeres	557
Septiembre 2009	44	Teruel	10	Educación Primaria o inferior	Hombres	1950
Septiembre 2009	44	Teruel	10	Educación Primaria o inferior	Mujeres	1011
Septiembre 2009	44	Teruel	20	Primera etapa de educación secundaria	Hombres	1246
Septiembre 2009	44	Teruel	20	Primera etapa de educación secundaria	Mujeres	1230
Septiembre 2009	44	Teruel	31	Bachillerato	Hombres	194
Septiembre 2009	44	Teruel	31	Bachillerato	Mujeres	238
Septiembre 2009	44	Teruel	32	Enseñanza media de formación profesional	Hombres	198
Septiembre 2009	44	Teruel	32	Enseñanza media de formación profesional	Mujeres	284
Septiembre 2009	44	Teruel	41	Enseñanza superior de formación profesional	Hombres	102
Septiembre 2009	44	Teruel	41	Enseñanza superior de formación profesional	Mujeres	169
Septiembre 2009	44	Teruel	42	Enseñanza superior universitaria	Hombres	123
Septiembre 2009	44	Teruel	42	Enseñanza superior universitaria	Mujeres	325
Septiembre 2009	50	Zaragoza	10	Educación Primaria o inferior	Hombres	4491
Septiembre 2009	50	Zaragoza	10	Educación Primaria o inferior	Mujeres	2415
Septiembre 2009	50	Zaragoza	20	Primera etapa de educación secundaria	Hombres	20152
Septiembre 2009	50	Zaragoza	20	Primera etapa de educación secundaria	Mujeres	16409
Septiembre 2009	50	Zaragoza	31	Bachillerato	Hombres	3154
Septiembre 2009	50	Zaragoza	31	Bachillerato	Mujeres	3501
Septiembre 2009	50	Zaragoza	32	Enseñanza media de formación profesional	Hombres	1855
Septiembre 2009	50	Zaragoza	32	Enseñanza media de formación profesional	Mujeres	2412
Septiembre 2009	50	Zaragoza	41	Enseñanza superior de formación profesional	Hombres	1316
Septiembre 2009	50	Zaragoza	41	Enseñanza superior de formación profesional	Mujeres	1753
Septiembre 2009	50	Zaragoza	42	Enseñanza superior universitaria	Hombres	1780
Septiembre 2009	50	Zaragoza	42	Enseñanza superior universitaria	Mujeres	3488
Agosto 2009	22	Huesca	10	Educación Primaria o inferior	Hombres	1751
Agosto 2009	22	Huesca	10	Educación Primaria o inferior	Mujeres	824
Agosto 2009	22	Huesca	20	Primera etapa de educación secundaria	Hombres	3150
Agosto 2009	22	Huesca	20	Primera etapa de educación secundaria	Mujeres	2256
Agosto 2009	22	Huesca	31	Bachillerato	Hombres	397
Agosto 2009	22	Huesca	31	Bachillerato	Mujeres	498
Agosto 2009	22	Huesca	32	Enseñanza media de formación profesional	Hombres	240
Agosto 2009	22	Huesca	32	Enseñanza media de formación profesional	Mujeres	381
Agosto 2009	22	Huesca	41	Enseñanza superior de formación profesional	Hombres	198
Agosto 2009	22	Huesca	41	Enseñanza superior de formación profesional	Mujeres	282
Agosto 2009	22	Huesca	42	Enseñanza superior universitaria	Hombres	244
Agosto 2009	22	Huesca	42	Enseñanza superior universitaria	Mujeres	556
Agosto 2009	44	Teruel	10	Educación Primaria o inferior	Hombres	1995
Agosto 2009	44	Teruel	10	Educación Primaria o inferior	Mujeres	953
Agosto 2009	44	Teruel	20	Primera etapa de educación secundaria	Hombres	1258
Agosto 2009	44	Teruel	20	Primera etapa de educación secundaria	Mujeres	1158
Agosto 2009	44	Teruel	31	Bachillerato	Hombres	195
Agosto 2009	44	Teruel	31	Bachillerato	Mujeres	246
Agosto 2009	44	Teruel	32	Enseñanza media de formación profesional	Hombres	200
Agosto 2009	44	Teruel	32	Enseñanza media de formación profesional	Mujeres	265
Agosto 2009	44	Teruel	41	Enseñanza superior de formación profesional	Hombres	112
Agosto 2009	44	Teruel	41	Enseñanza superior de formación profesional	Mujeres	165
Agosto 2009	44	Teruel	42	Enseñanza superior universitaria	Hombres	119
Agosto 2009	44	Teruel	42	Enseñanza superior universitaria	Mujeres	303
Agosto 2009	50	Zaragoza	10	Educación Primaria o inferior	Hombres	4438
Agosto 2009	50	Zaragoza	10	Educación Primaria o inferior	Mujeres	2295
Agosto 2009	50	Zaragoza	20	Primera etapa de educación secundaria	Hombres	20138
Agosto 2009	50	Zaragoza	20	Primera etapa de educación secundaria	Mujeres	16161
Agosto 2009	50	Zaragoza	31	Bachillerato	Hombres	3244
Agosto 2009	50	Zaragoza	31	Bachillerato	Mujeres	3556
Agosto 2009	50	Zaragoza	32	Enseñanza media de formación profesional	Hombres	1912
Agosto 2009	50	Zaragoza	32	Enseñanza media de formación profesional	Mujeres	2382
Agosto 2009	50	Zaragoza	41	Enseñanza superior de formación profesional	Hombres	1436
Agosto 2009	50	Zaragoza	41	Enseñanza superior de formación profesional	Mujeres	1887
Agosto 2009	50	Zaragoza	42	Enseñanza superior universitaria	Hombres	1852
Agosto 2009	50	Zaragoza	42	Enseñanza superior universitaria	Mujeres	3683
Julio 2009	22	Huesca	10	Educación Primaria o inferior	Hombres	1683
Julio 2009	22	Huesca	10	Educación Primaria o inferior	Mujeres	774
Julio 2009	22	Huesca	20	Primera etapa de educación secundaria	Hombres	3086
Julio 2009	22	Huesca	20	Primera etapa de educación secundaria	Mujeres	2212
Julio 2009	22	Huesca	31	Bachillerato	Hombres	367
Julio 2009	22	Huesca	31	Bachillerato	Mujeres	493
Julio 2009	22	Huesca	32	Enseñanza media de formación profesional	Hombres	228
Julio 2009	22	Huesca	32	Enseñanza media de formación profesional	Mujeres	352
Julio 2009	22	Huesca	41	Enseñanza superior de formación profesional	Hombres	180
Julio 2009	22	Huesca	41	Enseñanza superior de formación profesional	Mujeres	262
Julio 2009	22	Huesca	42	Enseñanza superior universitaria	Hombres	228
Julio 2009	22	Huesca	42	Enseñanza superior universitaria	Mujeres	522
Julio 2009	44	Teruel	10	Educación Primaria o inferior	Hombres	1943
Julio 2009	44	Teruel	10	Educación Primaria o inferior	Mujeres	992
Julio 2009	44	Teruel	20	Primera etapa de educación secundaria	Hombres	1282
Julio 2009	44	Teruel	20	Primera etapa de educación secundaria	Mujeres	1153
Julio 2009	44	Teruel	31	Bachillerato	Hombres	196
Julio 2009	44	Teruel	31	Bachillerato	Mujeres	248
Julio 2009	44	Teruel	32	Enseñanza media de formación profesional	Hombres	192
Julio 2009	44	Teruel	32	Enseñanza media de formación profesional	Mujeres	252
Julio 2009	44	Teruel	41	Enseñanza superior de formación profesional	Hombres	111
Julio 2009	44	Teruel	41	Enseñanza superior de formación profesional	Mujeres	165
Julio 2009	44	Teruel	42	Enseñanza superior universitaria	Hombres	124
Julio 2009	44	Teruel	42	Enseñanza superior universitaria	Mujeres	287
Julio 2009	50	Zaragoza	10	Educación Primaria o inferior	Hombres	4611
Julio 2009	50	Zaragoza	10	Educación Primaria o inferior	Mujeres	2339
Julio 2009	50	Zaragoza	20	Primera etapa de educación secundaria	Hombres	19966
Julio 2009	50	Zaragoza	20	Primera etapa de educación secundaria	Mujeres	15924
Julio 2009	50	Zaragoza	31	Bachillerato	Hombres	3167
Julio 2009	50	Zaragoza	31	Bachillerato	Mujeres	3396
Julio 2009	50	Zaragoza	32	Enseñanza media de formación profesional	Hombres	1875
Julio 2009	50	Zaragoza	32	Enseñanza media de formación profesional	Mujeres	2240
Julio 2009	50	Zaragoza	41	Enseñanza superior de formación profesional	Hombres	1351
Julio 2009	50	Zaragoza	41	Enseñanza superior de formación profesional	Mujeres	1762
Julio 2009	50	Zaragoza	42	Enseñanza superior universitaria	Hombres	1738
Julio 2009	50	Zaragoza	42	Enseñanza superior universitaria	Mujeres	3469
Junio 2009	22	Huesca	10	Educación Primaria o inferior	Hombres	1735
Junio 2009	22	Huesca	10	Educación Primaria o inferior	Mujeres	785
Junio 2009	22	Huesca	20	Primera etapa de educación secundaria	Hombres	3161
Junio 2009	22	Huesca	20	Primera etapa de educación secundaria	Mujeres	2309
Junio 2009	22	Huesca	31	Bachillerato	Hombres	399
Junio 2009	22	Huesca	31	Bachillerato	Mujeres	503
Junio 2009	22	Huesca	32	Enseñanza media de formación profesional	Hombres	232
Junio 2009	22	Huesca	32	Enseñanza media de formación profesional	Mujeres	394
Junio 2009	22	Huesca	41	Enseñanza superior de formación profesional	Hombres	187
Junio 2009	22	Huesca	41	Enseñanza superior de formación profesional	Mujeres	270
Junio 2009	22	Huesca	42	Enseñanza superior universitaria	Hombres	220
Junio 2009	22	Huesca	42	Enseñanza superior universitaria	Mujeres	484
Junio 2009	44	Teruel	10	Educación Primaria o inferior	Hombres	1848
Junio 2009	44	Teruel	10	Educación Primaria o inferior	Mujeres	1021
Junio 2009	44	Teruel	20	Primera etapa de educación secundaria	Hombres	1297
Junio 2009	44	Teruel	20	Primera etapa de educación secundaria	Mujeres	1303
Junio 2009	44	Teruel	31	Bachillerato	Hombres	187
Junio 2009	44	Teruel	31	Bachillerato	Mujeres	271
Junio 2009	44	Teruel	32	Enseñanza media de formación profesional	Hombres	185
Junio 2009	44	Teruel	32	Enseñanza media de formación profesional	Mujeres	309
Junio 2009	44	Teruel	41	Enseñanza superior de formación profesional	Hombres	117
Junio 2009	44	Teruel	41	Enseñanza superior de formación profesional	Mujeres	186
Junio 2009	44	Teruel	42	Enseñanza superior universitaria	Hombres	111
Junio 2009	44	Teruel	42	Enseñanza superior universitaria	Mujeres	251
Junio 2009	50	Zaragoza	10	Educación Primaria o inferior	Hombres	4818
Junio 2009	50	Zaragoza	10	Educación Primaria o inferior	Mujeres	2396
Junio 2009	50	Zaragoza	20	Primera etapa de educación secundaria	Hombres	20164
Junio 2009	50	Zaragoza	20	Primera etapa de educación secundaria	Mujeres	15960
Junio 2009	50	Zaragoza	31	Bachillerato	Hombres	3086
Junio 2009	50	Zaragoza	31	Bachillerato	Mujeres	3380
Junio 2009	50	Zaragoza	32	Enseñanza media de formación profesional	Hombres	1866
Junio 2009	50	Zaragoza	32	Enseñanza media de formación profesional	Mujeres	2289
Junio 2009	50	Zaragoza	41	Enseñanza superior de formación profesional	Hombres	1313
Junio 2009	50	Zaragoza	41	Enseñanza superior de formación profesional	Mujeres	1673
Junio 2009	50	Zaragoza	42	Enseñanza superior universitaria	Hombres	1608
Junio 2009	50	Zaragoza	42	Enseñanza superior universitaria	Mujeres	3142
Mayo 2009	22	Huesca	10	Educación Primaria o inferior	Hombres	1759
Mayo 2009	22	Huesca	10	Educación Primaria o inferior	Mujeres	860
Mayo 2009	22	Huesca	20	Primera etapa de educación secundaria	Hombres	3323
Mayo 2009	22	Huesca	20	Primera etapa de educación secundaria	Mujeres	2428
Mayo 2009	22	Huesca	31	Bachillerato	Hombres	422
Mayo 2009	22	Huesca	31	Bachillerato	Mujeres	542
Mayo 2009	22	Huesca	32	Enseñanza media de formación profesional	Hombres	244
Mayo 2009	22	Huesca	32	Enseñanza media de formación profesional	Mujeres	435
Mayo 2009	22	Huesca	41	Enseñanza superior de formación profesional	Hombres	191
Mayo 2009	22	Huesca	41	Enseñanza superior de formación profesional	Mujeres	281
Mayo 2009	22	Huesca	42	Enseñanza superior universitaria	Hombres	209
Mayo 2009	22	Huesca	42	Enseñanza superior universitaria	Mujeres	493
Mayo 2009	44	Teruel	10	Educación Primaria o inferior	Hombres	1908
Mayo 2009	44	Teruel	10	Educación Primaria o inferior	Mujeres	1104
Mayo 2009	44	Teruel	20	Primera etapa de educación secundaria	Hombres	1303
Mayo 2009	44	Teruel	20	Primera etapa de educación secundaria	Mujeres	1316
Mayo 2009	44	Teruel	31	Bachillerato	Hombres	176
Mayo 2009	44	Teruel	31	Bachillerato	Mujeres	278
Mayo 2009	44	Teruel	32	Enseñanza media de formación profesional	Hombres	180
Mayo 2009	44	Teruel	32	Enseñanza media de formación profesional	Mujeres	382
Mayo 2009	44	Teruel	41	Enseñanza superior de formación profesional	Hombres	106
Mayo 2009	44	Teruel	41	Enseñanza superior de formación profesional	Mujeres	184
Mayo 2009	44	Teruel	42	Enseñanza superior universitaria	Hombres	114
Mayo 2009	44	Teruel	42	Enseñanza superior universitaria	Mujeres	271
Mayo 2009	50	Zaragoza	10	Educación Primaria o inferior	Hombres	5012
Mayo 2009	50	Zaragoza	10	Educación Primaria o inferior	Mujeres	2433
Mayo 2009	50	Zaragoza	20	Primera etapa de educación secundaria	Hombres	20718
Mayo 2009	50	Zaragoza	20	Primera etapa de educación secundaria	Mujeres	16094
Mayo 2009	50	Zaragoza	31	Bachillerato	Hombres	3062
Mayo 2009	50	Zaragoza	31	Bachillerato	Mujeres	3360
Mayo 2009	50	Zaragoza	32	Enseñanza media de formación profesional	Hombres	1931
Mayo 2009	50	Zaragoza	32	Enseñanza media de formación profesional	Mujeres	2481
Mayo 2009	50	Zaragoza	41	Enseñanza superior de formación profesional	Hombres	1329
Mayo 2009	50	Zaragoza	41	Enseñanza superior de formación profesional	Mujeres	1683
Mayo 2009	50	Zaragoza	42	Enseñanza superior universitaria	Hombres	1589
Mayo 2009	50	Zaragoza	42	Enseñanza superior universitaria	Mujeres	3133
Abril 2009	22	Huesca	10	Educación Primaria o inferior	Hombres	1992
Abril 2009	22	Huesca	10	Educación Primaria o inferior	Mujeres	908
Abril 2009	22	Huesca	20	Primera etapa de educación secundaria	Hombres	3355
Abril 2009	22	Huesca	20	Primera etapa de educación secundaria	Mujeres	2391
Abril 2009	22	Huesca	31	Bachillerato	Hombres	375
Abril 2009	22	Huesca	31	Bachillerato	Mujeres	507
Abril 2009	22	Huesca	32	Enseñanza media de formación profesional	Hombres	243
Abril 2009	22	Huesca	32	Enseñanza media de formación profesional	Mujeres	388
Abril 2009	22	Huesca	41	Enseñanza superior de formación profesional	Hombres	188
Abril 2009	22	Huesca	41	Enseñanza superior de formación profesional	Mujeres	268
Abril 2009	22	Huesca	42	Enseñanza superior universitaria	Hombres	231
Abril 2009	22	Huesca	42	Enseñanza superior universitaria	Mujeres	479
Abril 2009	44	Teruel	10	Educación Primaria o inferior	Hombres	2023
Abril 2009	44	Teruel	10	Educación Primaria o inferior	Mujeres	1096
Abril 2009	44	Teruel	20	Primera etapa de educación secundaria	Hombres	1366
Abril 2009	44	Teruel	20	Primera etapa de educación secundaria	Mujeres	1312
Abril 2009	44	Teruel	31	Bachillerato	Hombres	166
Abril 2009	44	Teruel	31	Bachillerato	Mujeres	240
Abril 2009	44	Teruel	32	Enseñanza media de formación profesional	Hombres	196
Abril 2009	44	Teruel	32	Enseñanza media de formación profesional	Mujeres	359
Abril 2009	44	Teruel	41	Enseñanza superior de formación profesional	Hombres	108
Abril 2009	44	Teruel	41	Enseñanza superior de formación profesional	Mujeres	180
Abril 2009	44	Teruel	42	Enseñanza superior universitaria	Hombres	112
Abril 2009	44	Teruel	42	Enseñanza superior universitaria	Mujeres	272
Abril 2009	50	Zaragoza	10	Educación Primaria o inferior	Hombres	5218
Abril 2009	50	Zaragoza	10	Educación Primaria o inferior	Mujeres	2441
Abril 2009	50	Zaragoza	20	Primera etapa de educación secundaria	Hombres	20935
Abril 2009	50	Zaragoza	20	Primera etapa de educación secundaria	Mujeres	16176
Abril 2009	50	Zaragoza	31	Bachillerato	Hombres	3004
Abril 2009	50	Zaragoza	31	Bachillerato	Mujeres	3288
Abril 2009	50	Zaragoza	32	Enseñanza media de formación profesional	Hombres	1851
Abril 2009	50	Zaragoza	32	Enseñanza media de formación profesional	Mujeres	2521
Abril 2009	50	Zaragoza	41	Enseñanza superior de formación profesional	Hombres	1264
Abril 2009	50	Zaragoza	41	Enseñanza superior de formación profesional	Mujeres	1705
Abril 2009	50	Zaragoza	42	Enseñanza superior universitaria	Hombres	1575
Abril 2009	50	Zaragoza	42	Enseñanza superior universitaria	Mujeres	3173
Marzo 2009	22	Huesca	10	Educación Primaria o inferior	Hombres	1936
Marzo 2009	22	Huesca	10	Educación Primaria o inferior	Mujeres	924
Marzo 2009	22	Huesca	20	Primera etapa de educación secundaria	Hombres	3325
Marzo 2009	22	Huesca	20	Primera etapa de educación secundaria	Mujeres	2376
Marzo 2009	22	Huesca	31	Bachillerato	Hombres	377
Marzo 2009	22	Huesca	31	Bachillerato	Mujeres	497
Marzo 2009	22	Huesca	32	Enseñanza media de formación profesional	Hombres	213
Marzo 2009	22	Huesca	32	Enseñanza media de formación profesional	Mujeres	399
Marzo 2009	22	Huesca	41	Enseñanza superior de formación profesional	Hombres	176
Marzo 2009	22	Huesca	41	Enseñanza superior de formación profesional	Mujeres	250
Marzo 2009	22	Huesca	42	Enseñanza superior universitaria	Hombres	219
Marzo 2009	22	Huesca	42	Enseñanza superior universitaria	Mujeres	483
Marzo 2009	44	Teruel	10	Educación Primaria o inferior	Hombres	2000
Marzo 2009	44	Teruel	10	Educación Primaria o inferior	Mujeres	1089
Marzo 2009	44	Teruel	20	Primera etapa de educación secundaria	Hombres	1367
Marzo 2009	44	Teruel	20	Primera etapa de educación secundaria	Mujeres	1316
Marzo 2009	44	Teruel	31	Bachillerato	Hombres	159
Marzo 2009	44	Teruel	31	Bachillerato	Mujeres	220
Marzo 2009	44	Teruel	32	Enseñanza media de formación profesional	Hombres	196
Marzo 2009	44	Teruel	32	Enseñanza media de formación profesional	Mujeres	342
Marzo 2009	44	Teruel	41	Enseñanza superior de formación profesional	Hombres	104
Marzo 2009	44	Teruel	41	Enseñanza superior de formación profesional	Mujeres	176
Marzo 2009	44	Teruel	42	Enseñanza superior universitaria	Hombres	114
Marzo 2009	44	Teruel	42	Enseñanza superior universitaria	Mujeres	259
Marzo 2009	50	Zaragoza	10	Educación Primaria o inferior	Hombres	4990
Marzo 2009	50	Zaragoza	10	Educación Primaria o inferior	Mujeres	2387
Marzo 2009	50	Zaragoza	20	Primera etapa de educación secundaria	Hombres	20294
Marzo 2009	50	Zaragoza	20	Primera etapa de educación secundaria	Mujeres	15838
Marzo 2009	50	Zaragoza	31	Bachillerato	Hombres	2927
Marzo 2009	50	Zaragoza	31	Bachillerato	Mujeres	3160
Marzo 2009	50	Zaragoza	32	Enseñanza media de formación profesional	Hombres	1754
Marzo 2009	50	Zaragoza	32	Enseñanza media de formación profesional	Mujeres	2468
Marzo 2009	50	Zaragoza	41	Enseñanza superior de formación profesional	Hombres	1182
Marzo 2009	50	Zaragoza	41	Enseñanza superior de formación profesional	Mujeres	1655
Marzo 2009	50	Zaragoza	42	Enseñanza superior universitaria	Hombres	1540
Marzo 2009	50	Zaragoza	42	Enseñanza superior universitaria	Mujeres	3211
Febrero 2009	22	Huesca	10	Educación Primaria o inferior	Hombres	1864
Febrero 2009	22	Huesca	10	Educación Primaria o inferior	Mujeres	929
Febrero 2009	22	Huesca	20	Primera etapa de educación secundaria	Hombres	3310
Febrero 2009	22	Huesca	20	Primera etapa de educación secundaria	Mujeres	2293
Febrero 2009	22	Huesca	31	Bachillerato	Hombres	370
Febrero 2009	22	Huesca	31	Bachillerato	Mujeres	482
Febrero 2009	22	Huesca	32	Enseñanza media de formación profesional	Hombres	212
Febrero 2009	22	Huesca	32	Enseñanza media de formación profesional	Mujeres	402
Febrero 2009	22	Huesca	41	Enseñanza superior de formación profesional	Hombres	172
Febrero 2009	22	Huesca	41	Enseñanza superior de formación profesional	Mujeres	248
Febrero 2009	22	Huesca	42	Enseñanza superior universitaria	Hombres	214
Febrero 2009	22	Huesca	42	Enseñanza superior universitaria	Mujeres	487
Febrero 2009	44	Teruel	10	Educación Primaria o inferior	Hombres	1940
Febrero 2009	44	Teruel	10	Educación Primaria o inferior	Mujeres	1031
Febrero 2009	44	Teruel	20	Primera etapa de educación secundaria	Hombres	1373
Febrero 2009	44	Teruel	20	Primera etapa de educación secundaria	Mujeres	1306
Febrero 2009	44	Teruel	31	Bachillerato	Hombres	153
Febrero 2009	44	Teruel	31	Bachillerato	Mujeres	217
Febrero 2009	44	Teruel	32	Enseñanza media de formación profesional	Hombres	196
Febrero 2009	44	Teruel	32	Enseñanza media de formación profesional	Mujeres	333
Febrero 2009	44	Teruel	41	Enseñanza superior de formación profesional	Hombres	113
Febrero 2009	44	Teruel	41	Enseñanza superior de formación profesional	Mujeres	158
Febrero 2009	44	Teruel	42	Enseñanza superior universitaria	Hombres	117
Febrero 2009	44	Teruel	42	Enseñanza superior universitaria	Mujeres	262
Febrero 2009	50	Zaragoza	10	Educación Primaria o inferior	Hombres	4838
Febrero 2009	50	Zaragoza	10	Educación Primaria o inferior	Mujeres	2261
Febrero 2009	50	Zaragoza	20	Primera etapa de educación secundaria	Hombres	19497
Febrero 2009	50	Zaragoza	20	Primera etapa de educación secundaria	Mujeres	15182
Febrero 2009	50	Zaragoza	31	Bachillerato	Hombres	2808
Febrero 2009	50	Zaragoza	31	Bachillerato	Mujeres	3034
Febrero 2009	50	Zaragoza	32	Enseñanza media de formación profesional	Hombres	1610
Febrero 2009	50	Zaragoza	32	Enseñanza media de formación profesional	Mujeres	2401
Febrero 2009	50	Zaragoza	41	Enseñanza superior de formación profesional	Hombres	1089
Febrero 2009	50	Zaragoza	41	Enseñanza superior de formación profesional	Mujeres	1563
Febrero 2009	50	Zaragoza	42	Enseñanza superior universitaria	Hombres	1461
Febrero 2009	50	Zaragoza	42	Enseñanza superior universitaria	Mujeres	3060
Enero 2009	22	Huesca	10	Educación Primaria o inferior	Hombres	1820
Enero 2009	22	Huesca	10	Educación Primaria o inferior	Mujeres	854
Enero 2009	22	Huesca	20	Primera etapa de educación secundaria	Hombres	3148
Enero 2009	22	Huesca	20	Primera etapa de educación secundaria	Mujeres	2222
Enero 2009	22	Huesca	31	Bachillerato	Hombres	372
Enero 2009	22	Huesca	31	Bachillerato	Mujeres	463
Enero 2009	22	Huesca	32	Enseñanza media de formación profesional	Hombres	209
Enero 2009	22	Huesca	32	Enseñanza media de formación profesional	Mujeres	384
Enero 2009	22	Huesca	41	Enseñanza superior de formación profesional	Hombres	158
Enero 2009	22	Huesca	41	Enseñanza superior de formación profesional	Mujeres	250
Enero 2009	22	Huesca	42	Enseñanza superior universitaria	Hombres	210
Enero 2009	22	Huesca	42	Enseñanza superior universitaria	Mujeres	458
Enero 2009	44	Teruel	10	Educación Primaria o inferior	Hombres	1885
Enero 2009	44	Teruel	10	Educación Primaria o inferior	Mujeres	988
Enero 2009	44	Teruel	20	Primera etapa de educación secundaria	Hombres	1277
Enero 2009	44	Teruel	20	Primera etapa de educación secundaria	Mujeres	1262
Enero 2009	44	Teruel	31	Bachillerato	Hombres	147
Enero 2009	44	Teruel	31	Bachillerato	Mujeres	212
Enero 2009	44	Teruel	32	Enseñanza media de formación profesional	Hombres	185
Enero 2009	44	Teruel	32	Enseñanza media de formación profesional	Mujeres	329
Enero 2009	44	Teruel	41	Enseñanza superior de formación profesional	Hombres	106
Enero 2009	44	Teruel	41	Enseñanza superior de formación profesional	Mujeres	152
Enero 2009	44	Teruel	42	Enseñanza superior universitaria	Hombres	115
Enero 2009	44	Teruel	42	Enseñanza superior universitaria	Mujeres	245
Enero 2009	50	Zaragoza	10	Educación Primaria o inferior	Hombres	4712
Enero 2009	50	Zaragoza	10	Educación Primaria o inferior	Mujeres	2130
Enero 2009	50	Zaragoza	20	Primera etapa de educación secundaria	Hombres	18453
Enero 2009	50	Zaragoza	20	Primera etapa de educación secundaria	Mujeres	14291
Enero 2009	50	Zaragoza	31	Bachillerato	Hombres	2638
Enero 2009	50	Zaragoza	31	Bachillerato	Mujeres	2875
Enero 2009	50	Zaragoza	32	Enseñanza media de formación profesional	Hombres	1538
Enero 2009	50	Zaragoza	32	Enseñanza media de formación profesional	Mujeres	2250
Enero 2009	50	Zaragoza	41	Enseñanza superior de formación profesional	Hombres	1004
Enero 2009	50	Zaragoza	41	Enseñanza superior de formación profesional	Mujeres	1532
Enero 2009	50	Zaragoza	42	Enseñanza superior universitaria	Hombres	1453
Enero 2009	50	Zaragoza	42	Enseñanza superior universitaria	Mujeres	2964
Diciembre 2008	22	Huesca	10	Educación Primaria o inferior	Hombres	1685
Diciembre 2008	22	Huesca	10	Educación Primaria o inferior	Mujeres	705
Diciembre 2008	22	Huesca	20	Primera etapa de educación secundaria	Hombres	2931
Diciembre 2008	22	Huesca	20	Primera etapa de educación secundaria	Mujeres	2021
Diciembre 2008	22	Huesca	31	Bachillerato	Hombres	337
Diciembre 2008	22	Huesca	31	Bachillerato	Mujeres	428
Diciembre 2008	22	Huesca	32	Enseñanza media de formación profesional	Hombres	185
Diciembre 2008	22	Huesca	32	Enseñanza media de formación profesional	Mujeres	317
Diciembre 2008	22	Huesca	41	Enseñanza superior de formación profesional	Hombres	144
Diciembre 2008	22	Huesca	41	Enseñanza superior de formación profesional	Mujeres	229
Diciembre 2008	22	Huesca	42	Enseñanza superior universitaria	Hombres	200
Diciembre 2008	22	Huesca	42	Enseñanza superior universitaria	Mujeres	404
Diciembre 2008	44	Teruel	10	Educación Primaria o inferior	Hombres	1722
Diciembre 2008	44	Teruel	10	Educación Primaria o inferior	Mujeres	891
Diciembre 2008	44	Teruel	20	Primera etapa de educación secundaria	Hombres	1158
Diciembre 2008	44	Teruel	20	Primera etapa de educación secundaria	Mujeres	1138
Diciembre 2008	44	Teruel	31	Bachillerato	Hombres	130
Diciembre 2008	44	Teruel	31	Bachillerato	Mujeres	198
Diciembre 2008	44	Teruel	32	Enseñanza media de formación profesional	Hombres	157
Diciembre 2008	44	Teruel	32	Enseñanza media de formación profesional	Mujeres	284
Diciembre 2008	44	Teruel	41	Enseñanza superior de formación profesional	Hombres	95
Diciembre 2008	44	Teruel	41	Enseñanza superior de formación profesional	Mujeres	120
Diciembre 2008	44	Teruel	42	Enseñanza superior universitaria	Hombres	103
Diciembre 2008	44	Teruel	42	Enseñanza superior universitaria	Mujeres	223
Diciembre 2008	50	Zaragoza	10	Educación Primaria o inferior	Hombres	4362
Diciembre 2008	50	Zaragoza	10	Educación Primaria o inferior	Mujeres	1930
Diciembre 2008	50	Zaragoza	20	Primera etapa de educación secundaria	Hombres	17304
Diciembre 2008	50	Zaragoza	20	Primera etapa de educación secundaria	Mujeres	13266
Diciembre 2008	50	Zaragoza	31	Bachillerato	Hombres	2464
Diciembre 2008	50	Zaragoza	31	Bachillerato	Mujeres	2682
Diciembre 2008	50	Zaragoza	32	Enseñanza media de formación profesional	Hombres	1399
Diciembre 2008	50	Zaragoza	32	Enseñanza media de formación profesional	Mujeres	1877
Diciembre 2008	50	Zaragoza	41	Enseñanza superior de formación profesional	Hombres	927
Diciembre 2008	50	Zaragoza	41	Enseñanza superior de formación profesional	Mujeres	1284
Diciembre 2008	50	Zaragoza	42	Enseñanza superior universitaria	Hombres	1328
Diciembre 2008	50	Zaragoza	42	Enseñanza superior universitaria	Mujeres	2638
Noviembre 2008	22	Huesca	10	Educación Primaria o inferior	Hombres	1480
Noviembre 2008	22	Huesca	10	Educación Primaria o inferior	Mujeres	699
Noviembre 2008	22	Huesca	20	Primera etapa de educación secundaria	Hombres	2587
Noviembre 2008	22	Huesca	20	Primera etapa de educación secundaria	Mujeres	2064
Noviembre 2008	22	Huesca	31	Bachillerato	Hombres	332
Noviembre 2008	22	Huesca	31	Bachillerato	Mujeres	439
Noviembre 2008	22	Huesca	32	Enseñanza media de formación profesional	Hombres	157
Noviembre 2008	22	Huesca	32	Enseñanza media de formación profesional	Mujeres	329
Noviembre 2008	22	Huesca	41	Enseñanza superior de formación profesional	Hombres	142
Noviembre 2008	22	Huesca	41	Enseñanza superior de formación profesional	Mujeres	227
Noviembre 2008	22	Huesca	42	Enseñanza superior universitaria	Hombres	164
Noviembre 2008	22	Huesca	42	Enseñanza superior universitaria	Mujeres	399
Noviembre 2008	44	Teruel	10	Educación Primaria o inferior	Hombres	1431
Noviembre 2008	44	Teruel	10	Educación Primaria o inferior	Mujeres	869
Noviembre 2008	44	Teruel	20	Primera etapa de educación secundaria	Hombres	1063
Noviembre 2008	44	Teruel	20	Primera etapa de educación secundaria	Mujeres	1117
Noviembre 2008	44	Teruel	31	Bachillerato	Hombres	129
Noviembre 2008	44	Teruel	31	Bachillerato	Mujeres	211
Noviembre 2008	44	Teruel	32	Enseñanza media de formación profesional	Hombres	140
Noviembre 2008	44	Teruel	32	Enseñanza media de formación profesional	Mujeres	261
Noviembre 2008	44	Teruel	41	Enseñanza superior de formación profesional	Hombres	84
Noviembre 2008	44	Teruel	41	Enseñanza superior de formación profesional	Mujeres	124
Noviembre 2008	44	Teruel	42	Enseñanza superior universitaria	Hombres	92
Noviembre 2008	44	Teruel	42	Enseñanza superior universitaria	Mujeres	208
Noviembre 2008	50	Zaragoza	10	Educación Primaria o inferior	Hombres	3906
Noviembre 2008	50	Zaragoza	10	Educación Primaria o inferior	Mujeres	1885
Noviembre 2008	50	Zaragoza	20	Primera etapa de educación secundaria	Hombres	15449
Noviembre 2008	50	Zaragoza	20	Primera etapa de educación secundaria	Mujeres	12914
Noviembre 2008	50	Zaragoza	31	Bachillerato	Hombres	2282
Noviembre 2008	50	Zaragoza	31	Bachillerato	Mujeres	2524
Noviembre 2008	50	Zaragoza	32	Enseñanza media de formación profesional	Hombres	1237
Noviembre 2008	50	Zaragoza	32	Enseñanza media de formación profesional	Mujeres	1848
Noviembre 2008	50	Zaragoza	41	Enseñanza superior de formación profesional	Hombres	805
Noviembre 2008	50	Zaragoza	41	Enseñanza superior de formación profesional	Mujeres	1222
Noviembre 2008	50	Zaragoza	42	Enseñanza superior universitaria	Hombres	1184
Noviembre 2008	50	Zaragoza	42	Enseñanza superior universitaria	Mujeres	2437
Octubre 2008	22	Huesca	10	Educación Primaria o inferior	Hombres	1355
Octubre 2008	22	Huesca	10	Educación Primaria o inferior	Mujeres	632
Octubre 2008	22	Huesca	20	Primera etapa de educación secundaria	Hombres	2419
Octubre 2008	22	Huesca	20	Primera etapa de educación secundaria	Mujeres	2010
Octubre 2008	22	Huesca	31	Bachillerato	Hombres	325
Octubre 2008	22	Huesca	31	Bachillerato	Mujeres	455
Octubre 2008	22	Huesca	32	Enseñanza media de formación profesional	Hombres	150
Octubre 2008	22	Huesca	32	Enseñanza media de formación profesional	Mujeres	360
Octubre 2008	22	Huesca	41	Enseñanza superior de formación profesional	Hombres	134
Octubre 2008	22	Huesca	41	Enseñanza superior de formación profesional	Mujeres	252
Octubre 2008	22	Huesca	42	Enseñanza superior universitaria	Hombres	174
Octubre 2008	22	Huesca	42	Enseñanza superior universitaria	Mujeres	437
Octubre 2008	44	Teruel	10	Educación Primaria o inferior	Hombres	1265
Octubre 2008	44	Teruel	10	Educación Primaria o inferior	Mujeres	792
Octubre 2008	44	Teruel	20	Primera etapa de educación secundaria	Hombres	977
Octubre 2008	44	Teruel	20	Primera etapa de educación secundaria	Mujeres	1110
Octubre 2008	44	Teruel	31	Bachillerato	Hombres	131
Octubre 2008	44	Teruel	31	Bachillerato	Mujeres	194
Octubre 2008	44	Teruel	32	Enseñanza media de formación profesional	Hombres	126
Octubre 2008	44	Teruel	32	Enseñanza media de formación profesional	Mujeres	251
Octubre 2008	44	Teruel	41	Enseñanza superior de formación profesional	Hombres	86
Octubre 2008	44	Teruel	41	Enseñanza superior de formación profesional	Mujeres	138
Octubre 2008	44	Teruel	42	Enseñanza superior universitaria	Hombres	89
Octubre 2008	44	Teruel	42	Enseñanza superior universitaria	Mujeres	203
Octubre 2008	50	Zaragoza	0	Sin clasificar	Mujeres	1
Octubre 2008	50	Zaragoza	10	Educación Primaria o inferior	Hombres	3373
Octubre 2008	50	Zaragoza	10	Educación Primaria o inferior	Mujeres	1703
Octubre 2008	50	Zaragoza	20	Primera etapa de educación secundaria	Hombres	13924
Octubre 2008	50	Zaragoza	20	Primera etapa de educación secundaria	Mujeres	12183
Octubre 2008	50	Zaragoza	31	Bachillerato	Hombres	2142
Octubre 2008	50	Zaragoza	31	Bachillerato	Mujeres	2503
Octubre 2008	50	Zaragoza	32	Enseñanza media de formación profesional	Hombres	1115
Octubre 2008	50	Zaragoza	32	Enseñanza media de formación profesional	Mujeres	1855
Octubre 2008	50	Zaragoza	41	Enseñanza superior de formación profesional	Hombres	766
Octubre 2008	50	Zaragoza	41	Enseñanza superior de formación profesional	Mujeres	1237
Octubre 2008	50	Zaragoza	42	Enseñanza superior universitaria	Hombres	1123
Octubre 2008	50	Zaragoza	42	Enseñanza superior universitaria	Mujeres	2341
Septiembre 2008	22	Huesca	10	Educación Primaria o inferior	Hombres	1193
Septiembre 2008	22	Huesca	10	Educación Primaria o inferior	Mujeres	542
Septiembre 2008	22	Huesca	20	Primera etapa de educación secundaria	Hombres	2147
Septiembre 2008	22	Huesca	20	Primera etapa de educación secundaria	Mujeres	1802
Septiembre 2008	22	Huesca	31	Bachillerato	Hombres	277
Septiembre 2008	22	Huesca	31	Bachillerato	Mujeres	414
Septiembre 2008	22	Huesca	32	Enseñanza media de formación profesional	Hombres	131
Septiembre 2008	22	Huesca	32	Enseñanza media de formación profesional	Mujeres	287
Septiembre 2008	22	Huesca	41	Enseñanza superior de formación profesional	Hombres	116
Septiembre 2008	22	Huesca	41	Enseñanza superior de formación profesional	Mujeres	211
Septiembre 2008	22	Huesca	42	Enseñanza superior universitaria	Hombres	168
Septiembre 2008	22	Huesca	42	Enseñanza superior universitaria	Mujeres	413
Septiembre 2008	44	Teruel	10	Educación Primaria o inferior	Hombres	1134
Septiembre 2008	44	Teruel	10	Educación Primaria o inferior	Mujeres	695
Septiembre 2008	44	Teruel	20	Primera etapa de educación secundaria	Hombres	863
Septiembre 2008	44	Teruel	20	Primera etapa de educación secundaria	Mujeres	953
Septiembre 2008	44	Teruel	31	Bachillerato	Hombres	117
Septiembre 2008	44	Teruel	31	Bachillerato	Mujeres	165
Septiembre 2008	44	Teruel	32	Enseñanza media de formación profesional	Hombres	93
Septiembre 2008	44	Teruel	32	Enseñanza media de formación profesional	Mujeres	204
Septiembre 2008	44	Teruel	41	Enseñanza superior de formación profesional	Hombres	64
Septiembre 2008	44	Teruel	41	Enseñanza superior de formación profesional	Mujeres	123
Septiembre 2008	44	Teruel	42	Enseñanza superior universitaria	Hombres	81
Septiembre 2008	44	Teruel	42	Enseñanza superior universitaria	Mujeres	194
Septiembre 2008	50	Zaragoza	0	Sin clasificar	Mujeres	1
Septiembre 2008	50	Zaragoza	10	Educación Primaria o inferior	Hombres	2959
Septiembre 2008	50	Zaragoza	10	Educación Primaria o inferior	Mujeres	1444
Septiembre 2008	50	Zaragoza	20	Primera etapa de educación secundaria	Hombres	11822
Septiembre 2008	50	Zaragoza	20	Primera etapa de educación secundaria	Mujeres	10836
Septiembre 2008	50	Zaragoza	31	Bachillerato	Hombres	1829
Septiembre 2008	50	Zaragoza	31	Bachillerato	Mujeres	2224
Septiembre 2008	50	Zaragoza	32	Enseñanza media de formación profesional	Hombres	863
Septiembre 2008	50	Zaragoza	32	Enseñanza media de formación profesional	Mujeres	1562
Septiembre 2008	50	Zaragoza	41	Enseñanza superior de formación profesional	Hombres	651
Septiembre 2008	50	Zaragoza	41	Enseñanza superior de formación profesional	Mujeres	1095
Septiembre 2008	50	Zaragoza	42	Enseñanza superior universitaria	Hombres	1009
Septiembre 2008	50	Zaragoza	42	Enseñanza superior universitaria	Mujeres	2136
Agosto 2008	22	Huesca	10	Educación Primaria o inferior	Hombres	1014
Agosto 2008	22	Huesca	10	Educación Primaria o inferior	Mujeres	441
Agosto 2008	22	Huesca	20	Primera etapa de educación secundaria	Hombres	1846
Agosto 2008	22	Huesca	20	Primera etapa de educación secundaria	Mujeres	1643
Agosto 2008	22	Huesca	31	Bachillerato	Hombres	255
Agosto 2008	22	Huesca	31	Bachillerato	Mujeres	392
Agosto 2008	22	Huesca	32	Enseñanza media de formación profesional	Hombres	130
Agosto 2008	22	Huesca	32	Enseñanza media de formación profesional	Mujeres	247
Agosto 2008	22	Huesca	41	Enseñanza superior de formación profesional	Hombres	99
Agosto 2008	22	Huesca	41	Enseñanza superior de formación profesional	Mujeres	189
Agosto 2008	22	Huesca	42	Enseñanza superior universitaria	Hombres	175
Agosto 2008	22	Huesca	42	Enseñanza superior universitaria	Mujeres	419
Agosto 2008	44	Teruel	10	Educación Primaria o inferior	Hombres	1091
Agosto 2008	44	Teruel	10	Educación Primaria o inferior	Mujeres	636
Agosto 2008	44	Teruel	20	Primera etapa de educación secundaria	Hombres	806
Agosto 2008	44	Teruel	20	Primera etapa de educación secundaria	Mujeres	838
Agosto 2008	44	Teruel	31	Bachillerato	Hombres	114
Agosto 2008	44	Teruel	31	Bachillerato	Mujeres	148
Agosto 2008	44	Teruel	32	Enseñanza media de formación profesional	Hombres	74
Agosto 2008	44	Teruel	32	Enseñanza media de formación profesional	Mujeres	169
Agosto 2008	44	Teruel	41	Enseñanza superior de formación profesional	Hombres	59
Agosto 2008	44	Teruel	41	Enseñanza superior de formación profesional	Mujeres	108
Agosto 2008	44	Teruel	42	Enseñanza superior universitaria	Hombres	82
Agosto 2008	44	Teruel	42	Enseñanza superior universitaria	Mujeres	216
Agosto 2008	50	Zaragoza	10	Educación Primaria o inferior	Hombres	2635
Agosto 2008	50	Zaragoza	10	Educación Primaria o inferior	Mujeres	1309
Agosto 2008	50	Zaragoza	20	Primera etapa de educación secundaria	Hombres	10740
Agosto 2008	50	Zaragoza	20	Primera etapa de educación secundaria	Mujeres	9893
Agosto 2008	50	Zaragoza	31	Bachillerato	Hombres	1613
Agosto 2008	50	Zaragoza	31	Bachillerato	Mujeres	1974
Agosto 2008	50	Zaragoza	32	Enseñanza media de formación profesional	Hombres	785
Agosto 2008	50	Zaragoza	32	Enseñanza media de formación profesional	Mujeres	1332
Agosto 2008	50	Zaragoza	41	Enseñanza superior de formación profesional	Hombres	544
Agosto 2008	50	Zaragoza	41	Enseñanza superior de formación profesional	Mujeres	1027
Agosto 2008	50	Zaragoza	42	Enseñanza superior universitaria	Hombres	955
Agosto 2008	50	Zaragoza	42	Enseñanza superior universitaria	Mujeres	2187
Julio 2008	22	Huesca	10	Educación Primaria o inferior	Hombres	956
Julio 2008	22	Huesca	10	Educación Primaria o inferior	Mujeres	430
Julio 2008	22	Huesca	20	Primera etapa de educación secundaria	Hombres	1766
Julio 2008	22	Huesca	20	Primera etapa de educación secundaria	Mujeres	1595
Julio 2008	22	Huesca	31	Bachillerato	Hombres	238
Julio 2008	22	Huesca	31	Bachillerato	Mujeres	370
Julio 2008	22	Huesca	32	Enseñanza media de formación profesional	Hombres	116
Julio 2008	22	Huesca	32	Enseñanza media de formación profesional	Mujeres	229
Julio 2008	22	Huesca	41	Enseñanza superior de formación profesional	Hombres	78
Julio 2008	22	Huesca	41	Enseñanza superior de formación profesional	Mujeres	191
Julio 2008	22	Huesca	42	Enseñanza superior universitaria	Hombres	172
Julio 2008	22	Huesca	42	Enseñanza superior universitaria	Mujeres	376
Julio 2008	44	Teruel	10	Educación Primaria o inferior	Hombres	969
Julio 2008	44	Teruel	10	Educación Primaria o inferior	Mujeres	647
Julio 2008	44	Teruel	20	Primera etapa de educación secundaria	Hombres	777
Julio 2008	44	Teruel	20	Primera etapa de educación secundaria	Mujeres	847
Julio 2008	44	Teruel	31	Bachillerato	Hombres	96
Julio 2008	44	Teruel	31	Bachillerato	Mujeres	155
Julio 2008	44	Teruel	32	Enseñanza media de formación profesional	Hombres	63
Julio 2008	44	Teruel	32	Enseñanza media de formación profesional	Mujeres	167
Julio 2008	44	Teruel	41	Enseñanza superior de formación profesional	Hombres	52
Julio 2008	44	Teruel	41	Enseñanza superior de formación profesional	Mujeres	104
Julio 2008	44	Teruel	42	Enseñanza superior universitaria	Hombres	76
Julio 2008	44	Teruel	42	Enseñanza superior universitaria	Mujeres	202
Julio 2008	50	Zaragoza	10	Educación Primaria o inferior	Hombres	2399
Julio 2008	50	Zaragoza	10	Educación Primaria o inferior	Mujeres	1303
Julio 2008	50	Zaragoza	20	Primera etapa de educación secundaria	Hombres	9920
Julio 2008	50	Zaragoza	20	Primera etapa de educación secundaria	Mujeres	9872
Julio 2008	50	Zaragoza	31	Bachillerato	Hombres	1511
Julio 2008	50	Zaragoza	31	Bachillerato	Mujeres	1852
Julio 2008	50	Zaragoza	32	Enseñanza media de formación profesional	Hombres	697
Julio 2008	50	Zaragoza	32	Enseñanza media de formación profesional	Mujeres	1270
Julio 2008	50	Zaragoza	41	Enseñanza superior de formación profesional	Hombres	476
Julio 2008	50	Zaragoza	41	Enseñanza superior de formación profesional	Mujeres	942
Julio 2008	50	Zaragoza	42	Enseñanza superior universitaria	Hombres	882
Julio 2008	50	Zaragoza	42	Enseñanza superior universitaria	Mujeres	1991
Junio 2008	22	Huesca	10	Educación Primaria o inferior	Hombres	840
Junio 2008	22	Huesca	10	Educación Primaria o inferior	Mujeres	456
Junio 2008	22	Huesca	20	Primera etapa de educación secundaria	Hombres	1726
Junio 2008	22	Huesca	20	Primera etapa de educación secundaria	Mujeres	1660
Junio 2008	22	Huesca	31	Bachillerato	Hombres	242
Junio 2008	22	Huesca	31	Bachillerato	Mujeres	353
Junio 2008	22	Huesca	32	Enseñanza media de formación profesional	Hombres	121
Junio 2008	22	Huesca	32	Enseñanza media de formación profesional	Mujeres	233
Junio 2008	22	Huesca	41	Enseñanza superior de formación profesional	Hombres	76
Junio 2008	22	Huesca	41	Enseñanza superior de formación profesional	Mujeres	178
Junio 2008	22	Huesca	42	Enseñanza superior universitaria	Hombres	139
Junio 2008	22	Huesca	42	Enseñanza superior universitaria	Mujeres	345
Junio 2008	44	Teruel	10	Educación Primaria o inferior	Hombres	833
Junio 2008	44	Teruel	10	Educación Primaria o inferior	Mujeres	682
Junio 2008	44	Teruel	20	Primera etapa de educación secundaria	Hombres	757
Junio 2008	44	Teruel	20	Primera etapa de educación secundaria	Mujeres	955
Junio 2008	44	Teruel	31	Bachillerato	Hombres	100
Junio 2008	44	Teruel	31	Bachillerato	Mujeres	175
Junio 2008	44	Teruel	32	Enseñanza media de formación profesional	Hombres	78
Junio 2008	44	Teruel	32	Enseñanza media de formación profesional	Mujeres	199
Junio 2008	44	Teruel	41	Enseñanza superior de formación profesional	Hombres	57
Junio 2008	44	Teruel	41	Enseñanza superior de formación profesional	Mujeres	116
Junio 2008	44	Teruel	42	Enseñanza superior universitaria	Hombres	62
Junio 2008	44	Teruel	42	Enseñanza superior universitaria	Mujeres	164
Junio 2008	50	Zaragoza	10	Educación Primaria o inferior	Hombres	2127
Junio 2008	50	Zaragoza	10	Educación Primaria o inferior	Mujeres	1262
Junio 2008	50	Zaragoza	20	Primera etapa de educación secundaria	Hombres	8852
Junio 2008	50	Zaragoza	20	Primera etapa de educación secundaria	Mujeres	9753
Junio 2008	50	Zaragoza	31	Bachillerato	Hombres	1466
Junio 2008	50	Zaragoza	31	Bachillerato	Mujeres	1802
Junio 2008	50	Zaragoza	32	Enseñanza media de formación profesional	Hombres	621
Junio 2008	50	Zaragoza	32	Enseñanza media de formación profesional	Mujeres	1307
Junio 2008	50	Zaragoza	41	Enseñanza superior de formación profesional	Hombres	439
Junio 2008	50	Zaragoza	41	Enseñanza superior de formación profesional	Mujeres	927
Junio 2008	50	Zaragoza	42	Enseñanza superior universitaria	Hombres	761
Junio 2008	50	Zaragoza	42	Enseñanza superior universitaria	Mujeres	1823
Mayo 2008	22	Huesca	10	Educación Primaria o inferior	Hombres	806
Mayo 2008	22	Huesca	10	Educación Primaria o inferior	Mujeres	489
Mayo 2008	22	Huesca	20	Primera etapa de educación secundaria	Hombres	1700
Mayo 2008	22	Huesca	20	Primera etapa de educación secundaria	Mujeres	1761
Mayo 2008	22	Huesca	31	Bachillerato	Hombres	243
Mayo 2008	22	Huesca	31	Bachillerato	Mujeres	339
Mayo 2008	22	Huesca	32	Enseñanza media de formación profesional	Hombres	119
Mayo 2008	22	Huesca	32	Enseñanza media de formación profesional	Mujeres	284
Mayo 2008	22	Huesca	41	Enseñanza superior de formación profesional	Hombres	85
Mayo 2008	22	Huesca	41	Enseñanza superior de formación profesional	Mujeres	170
Mayo 2008	22	Huesca	42	Enseñanza superior universitaria	Hombres	131
Mayo 2008	22	Huesca	42	Enseñanza superior universitaria	Mujeres	334
Mayo 2008	44	Teruel	10	Educación Primaria o inferior	Hombres	713
Mayo 2008	44	Teruel	10	Educación Primaria o inferior	Mujeres	715
Mayo 2008	44	Teruel	20	Primera etapa de educación secundaria	Hombres	701
Mayo 2008	44	Teruel	20	Primera etapa de educación secundaria	Mujeres	1028
Mayo 2008	44	Teruel	31	Bachillerato	Hombres	98
Mayo 2008	44	Teruel	31	Bachillerato	Mujeres	175
Mayo 2008	44	Teruel	32	Enseñanza media de formación profesional	Hombres	76
Mayo 2008	44	Teruel	32	Enseñanza media de formación profesional	Mujeres	225
Mayo 2008	44	Teruel	41	Enseñanza superior de formación profesional	Hombres	45
Mayo 2008	44	Teruel	41	Enseñanza superior de formación profesional	Mujeres	123
Mayo 2008	44	Teruel	42	Enseñanza superior universitaria	Hombres	60
Mayo 2008	44	Teruel	42	Enseñanza superior universitaria	Mujeres	168
Mayo 2008	50	Zaragoza	10	Educación Primaria o inferior	Hombres	1799
Mayo 2008	50	Zaragoza	10	Educación Primaria o inferior	Mujeres	1277
Mayo 2008	50	Zaragoza	20	Primera etapa de educación secundaria	Hombres	8127
Mayo 2008	50	Zaragoza	20	Primera etapa de educación secundaria	Mujeres	10059
Mayo 2008	50	Zaragoza	31	Bachillerato	Hombres	1402
Mayo 2008	50	Zaragoza	31	Bachillerato	Mujeres	1813
Mayo 2008	50	Zaragoza	32	Enseñanza media de formación profesional	Hombres	624
Mayo 2008	50	Zaragoza	32	Enseñanza media de formación profesional	Mujeres	1395
Mayo 2008	50	Zaragoza	41	Enseñanza superior de formación profesional	Hombres	431
Mayo 2008	50	Zaragoza	41	Enseñanza superior de formación profesional	Mujeres	907
Mayo 2008	50	Zaragoza	42	Enseñanza superior universitaria	Hombres	727
Mayo 2008	50	Zaragoza	42	Enseñanza superior universitaria	Mujeres	1732
Abril 2008	22	Huesca	10	Educación Primaria o inferior	Hombres	869
Abril 2008	22	Huesca	10	Educación Primaria o inferior	Mujeres	527
Abril 2008	22	Huesca	20	Primera etapa de educación secundaria	Hombres	1687
Abril 2008	22	Huesca	20	Primera etapa de educación secundaria	Mujeres	1756
Abril 2008	22	Huesca	31	Bachillerato	Hombres	235
Abril 2008	22	Huesca	31	Bachillerato	Mujeres	368
Abril 2008	22	Huesca	32	Enseñanza media de formación profesional	Hombres	135
Abril 2008	22	Huesca	32	Enseñanza media de formación profesional	Mujeres	302
Abril 2008	22	Huesca	41	Enseñanza superior de formación profesional	Hombres	94
Abril 2008	22	Huesca	41	Enseñanza superior de formación profesional	Mujeres	174
Abril 2008	22	Huesca	42	Enseñanza superior universitaria	Hombres	130
Abril 2008	22	Huesca	42	Enseñanza superior universitaria	Mujeres	370
Abril 2008	44	Teruel	10	Educación Primaria o inferior	Hombres	736
Abril 2008	44	Teruel	10	Educación Primaria o inferior	Mujeres	754
Abril 2008	44	Teruel	20	Primera etapa de educación secundaria	Hombres	747
Abril 2008	44	Teruel	20	Primera etapa de educación secundaria	Mujeres	1026
Abril 2008	44	Teruel	31	Bachillerato	Hombres	86
Abril 2008	44	Teruel	31	Bachillerato	Mujeres	170
Abril 2008	44	Teruel	32	Enseñanza media de formación profesional	Hombres	62
Abril 2008	44	Teruel	32	Enseñanza media de formación profesional	Mujeres	234
Abril 2008	44	Teruel	41	Enseñanza superior de formación profesional	Hombres	54
Abril 2008	44	Teruel	41	Enseñanza superior de formación profesional	Mujeres	132
Abril 2008	44	Teruel	42	Enseñanza superior universitaria	Hombres	61
Abril 2008	44	Teruel	42	Enseñanza superior universitaria	Mujeres	175
Abril 2008	50	Zaragoza	10	Educación Primaria o inferior	Hombres	1739
Abril 2008	50	Zaragoza	10	Educación Primaria o inferior	Mujeres	1287
Abril 2008	50	Zaragoza	20	Primera etapa de educación secundaria	Hombres	8217
Abril 2008	50	Zaragoza	20	Primera etapa de educación secundaria	Mujeres	10600
Abril 2008	50	Zaragoza	31	Bachillerato	Hombres	1392
Abril 2008	50	Zaragoza	31	Bachillerato	Mujeres	1968
Abril 2008	50	Zaragoza	32	Enseñanza media de formación profesional	Hombres	624
Abril 2008	50	Zaragoza	32	Enseñanza media de formación profesional	Mujeres	1523
Abril 2008	50	Zaragoza	41	Enseñanza superior de formación profesional	Hombres	445
Abril 2008	50	Zaragoza	41	Enseñanza superior de formación profesional	Mujeres	981
Abril 2008	50	Zaragoza	42	Enseñanza superior universitaria	Hombres	789
Abril 2008	50	Zaragoza	42	Enseñanza superior universitaria	Mujeres	1953
Marzo 2008	22	Huesca	10	Educación Primaria o inferior	Hombres	863
Marzo 2008	22	Huesca	10	Educación Primaria o inferior	Mujeres	511
Marzo 2008	22	Huesca	20	Primera etapa de educación secundaria	Hombres	1569
Marzo 2008	22	Huesca	20	Primera etapa de educación secundaria	Mujeres	1766
Marzo 2008	22	Huesca	31	Bachillerato	Hombres	230
Marzo 2008	22	Huesca	31	Bachillerato	Mujeres	356
Marzo 2008	22	Huesca	32	Enseñanza media de formación profesional	Hombres	118
Marzo 2008	22	Huesca	32	Enseñanza media de formación profesional	Mujeres	296
Marzo 2008	22	Huesca	41	Enseñanza superior de formación profesional	Hombres	82
Marzo 2008	22	Huesca	41	Enseñanza superior de formación profesional	Mujeres	183
Marzo 2008	22	Huesca	42	Enseñanza superior universitaria	Hombres	135
Marzo 2008	22	Huesca	42	Enseñanza superior universitaria	Mujeres	384
Marzo 2008	44	Teruel	10	Educación Primaria o inferior	Hombres	709
Marzo 2008	44	Teruel	10	Educación Primaria o inferior	Mujeres	748
Marzo 2008	44	Teruel	20	Primera etapa de educación secundaria	Hombres	737
Marzo 2008	44	Teruel	20	Primera etapa de educación secundaria	Mujeres	1028
Marzo 2008	44	Teruel	31	Bachillerato	Hombres	79
Marzo 2008	44	Teruel	31	Bachillerato	Mujeres	171
Marzo 2008	44	Teruel	32	Enseñanza media de formación profesional	Hombres	65
Marzo 2008	44	Teruel	32	Enseñanza media de formación profesional	Mujeres	217
Marzo 2008	44	Teruel	41	Enseñanza superior de formación profesional	Hombres	52
Marzo 2008	44	Teruel	41	Enseñanza superior de formación profesional	Mujeres	113
Marzo 2008	44	Teruel	42	Enseñanza superior universitaria	Hombres	58
Marzo 2008	44	Teruel	42	Enseñanza superior universitaria	Mujeres	187
Marzo 2008	50	Zaragoza	10	Educación Primaria o inferior	Hombres	1554
Marzo 2008	50	Zaragoza	10	Educación Primaria o inferior	Mujeres	1271
Marzo 2008	50	Zaragoza	20	Primera etapa de educación secundaria	Hombres	7915
Marzo 2008	50	Zaragoza	20	Primera etapa de educación secundaria	Mujeres	10531
Marzo 2008	50	Zaragoza	31	Bachillerato	Hombres	1438
Marzo 2008	50	Zaragoza	31	Bachillerato	Mujeres	1974
Marzo 2008	50	Zaragoza	32	Enseñanza media de formación profesional	Hombres	585
Marzo 2008	50	Zaragoza	32	Enseñanza media de formación profesional	Mujeres	1480
Marzo 2008	50	Zaragoza	41	Enseñanza superior de formación profesional	Hombres	461
Marzo 2008	50	Zaragoza	41	Enseñanza superior de formación profesional	Mujeres	1010
Marzo 2008	50	Zaragoza	42	Enseñanza superior universitaria	Hombres	801
Marzo 2008	50	Zaragoza	42	Enseñanza superior universitaria	Mujeres	2060
Febrero 2008	22	Huesca	10	Educación Primaria o inferior	Hombres	904
Febrero 2008	22	Huesca	10	Educación Primaria o inferior	Mujeres	528
Febrero 2008	22	Huesca	20	Primera etapa de educación secundaria	Hombres	1610
Febrero 2008	22	Huesca	20	Primera etapa de educación secundaria	Mujeres	1813
Febrero 2008	22	Huesca	31	Bachillerato	Hombres	249
Febrero 2008	22	Huesca	31	Bachillerato	Mujeres	362
Febrero 2008	22	Huesca	32	Enseñanza media de formación profesional	Hombres	131
Febrero 2008	22	Huesca	32	Enseñanza media de formación profesional	Mujeres	324
Febrero 2008	22	Huesca	41	Enseñanza superior de formación profesional	Hombres	91
Febrero 2008	22	Huesca	41	Enseñanza superior de formación profesional	Mujeres	191
Febrero 2008	22	Huesca	42	Enseñanza superior universitaria	Hombres	130
Febrero 2008	22	Huesca	42	Enseñanza superior universitaria	Mujeres	411
Febrero 2008	44	Teruel	10	Educación Primaria o inferior	Hombres	715
Febrero 2008	44	Teruel	10	Educación Primaria o inferior	Mujeres	755
Febrero 2008	44	Teruel	20	Primera etapa de educación secundaria	Hombres	743
Febrero 2008	44	Teruel	20	Primera etapa de educación secundaria	Mujeres	1071
Febrero 2008	44	Teruel	31	Bachillerato	Hombres	80
Febrero 2008	44	Teruel	31	Bachillerato	Mujeres	167
Febrero 2008	44	Teruel	32	Enseñanza media de formación profesional	Hombres	72
Febrero 2008	44	Teruel	32	Enseñanza media de formación profesional	Mujeres	224
Febrero 2008	44	Teruel	41	Enseñanza superior de formación profesional	Hombres	50
Febrero 2008	44	Teruel	41	Enseñanza superior de formación profesional	Mujeres	123
Febrero 2008	44	Teruel	42	Enseñanza superior universitaria	Hombres	64
Febrero 2008	44	Teruel	42	Enseñanza superior universitaria	Mujeres	187
Febrero 2008	50	Zaragoza	10	Educación Primaria o inferior	Hombres	1619
Febrero 2008	50	Zaragoza	10	Educación Primaria o inferior	Mujeres	1333
Febrero 2008	50	Zaragoza	20	Primera etapa de educación secundaria	Hombres	7806
Febrero 2008	50	Zaragoza	20	Primera etapa de educación secundaria	Mujeres	10588
Febrero 2008	50	Zaragoza	31	Bachillerato	Hombres	1403
Febrero 2008	50	Zaragoza	31	Bachillerato	Mujeres	1988
Febrero 2008	50	Zaragoza	32	Enseñanza media de formación profesional	Hombres	573
Febrero 2008	50	Zaragoza	32	Enseñanza media de formación profesional	Mujeres	1466
Febrero 2008	50	Zaragoza	41	Enseñanza superior de formación profesional	Hombres	451
Febrero 2008	50	Zaragoza	41	Enseñanza superior de formación profesional	Mujeres	979
Febrero 2008	50	Zaragoza	42	Enseñanza superior universitaria	Hombres	800
Febrero 2008	50	Zaragoza	42	Enseñanza superior universitaria	Mujeres	2028
Enero 2008	22	Huesca	10	Educación Primaria o inferior	Hombres	793
Enero 2008	22	Huesca	10	Educación Primaria o inferior	Mujeres	493
Enero 2008	22	Huesca	20	Primera etapa de educación secundaria	Hombres	1561
Enero 2008	22	Huesca	20	Primera etapa de educación secundaria	Mujeres	1779
Enero 2008	22	Huesca	31	Bachillerato	Hombres	256
Enero 2008	22	Huesca	31	Bachillerato	Mujeres	375
Enero 2008	22	Huesca	32	Enseñanza media de formación profesional	Hombres	116
Enero 2008	22	Huesca	32	Enseñanza media de formación profesional	Mujeres	310
Enero 2008	22	Huesca	41	Enseñanza superior de formación profesional	Hombres	83
Enero 2008	22	Huesca	41	Enseñanza superior de formación profesional	Mujeres	193
Enero 2008	22	Huesca	42	Enseñanza superior universitaria	Hombres	146
Enero 2008	22	Huesca	42	Enseñanza superior universitaria	Mujeres	415
Enero 2008	44	Teruel	10	Educación Primaria o inferior	Hombres	688
Enero 2008	44	Teruel	10	Educación Primaria o inferior	Mujeres	720
Enero 2008	44	Teruel	20	Primera etapa de educación secundaria	Hombres	737
Enero 2008	44	Teruel	20	Primera etapa de educación secundaria	Mujeres	1050
Enero 2008	44	Teruel	31	Bachillerato	Hombres	80
Enero 2008	44	Teruel	31	Bachillerato	Mujeres	168
Enero 2008	44	Teruel	32	Enseñanza media de formación profesional	Hombres	81
Enero 2008	44	Teruel	32	Enseñanza media de formación profesional	Mujeres	251
Enero 2008	44	Teruel	41	Enseñanza superior de formación profesional	Hombres	58
Enero 2008	44	Teruel	41	Enseñanza superior de formación profesional	Mujeres	118
Enero 2008	44	Teruel	42	Enseñanza superior universitaria	Hombres	64
Enero 2008	44	Teruel	42	Enseñanza superior universitaria	Mujeres	211
Enero 2008	50	Zaragoza	10	Educación Primaria o inferior	Hombres	1472
Enero 2008	50	Zaragoza	10	Educación Primaria o inferior	Mujeres	1263
Enero 2008	50	Zaragoza	20	Primera etapa de educación secundaria	Hombres	7676
Enero 2008	50	Zaragoza	20	Primera etapa de educación secundaria	Mujeres	10418
Enero 2008	50	Zaragoza	31	Bachillerato	Hombres	1374
Enero 2008	50	Zaragoza	31	Bachillerato	Mujeres	1910
Enero 2008	50	Zaragoza	32	Enseñanza media de formación profesional	Hombres	561
Enero 2008	50	Zaragoza	32	Enseñanza media de formación profesional	Mujeres	1495
Enero 2008	50	Zaragoza	41	Enseñanza superior de formación profesional	Hombres	461
Enero 2008	50	Zaragoza	41	Enseñanza superior de formación profesional	Mujeres	986
Enero 2008	50	Zaragoza	42	Enseñanza superior universitaria	Hombres	783
Enero 2008	50	Zaragoza	42	Enseñanza superior universitaria	Mujeres	2047
Diciembre 2007	22	Huesca	10	Educación Primaria o inferior	Hombres	693
Diciembre 2007	22	Huesca	10	Educación Primaria o inferior	Mujeres	457
Diciembre 2007	22	Huesca	20	Primera etapa de educación secundaria	Hombres	1434
Diciembre 2007	22	Huesca	20	Primera etapa de educación secundaria	Mujeres	1646
Diciembre 2007	22	Huesca	31	Bachillerato	Hombres	261
Diciembre 2007	22	Huesca	31	Bachillerato	Mujeres	362
Diciembre 2007	22	Huesca	32	Enseñanza media de formación profesional	Hombres	102
Diciembre 2007	22	Huesca	32	Enseñanza media de formación profesional	Mujeres	277
Diciembre 2007	22	Huesca	41	Enseñanza superior de formación profesional	Hombres	76
Diciembre 2007	22	Huesca	41	Enseñanza superior de formación profesional	Mujeres	170
Diciembre 2007	22	Huesca	42	Enseñanza superior universitaria	Hombres	127
Diciembre 2007	22	Huesca	42	Enseñanza superior universitaria	Mujeres	352
Diciembre 2007	44	Teruel	10	Educación Primaria o inferior	Hombres	605
Diciembre 2007	44	Teruel	10	Educación Primaria o inferior	Mujeres	651
Diciembre 2007	44	Teruel	20	Primera etapa de educación secundaria	Hombres	716
Diciembre 2007	44	Teruel	20	Primera etapa de educación secundaria	Mujeres	1031
Diciembre 2007	44	Teruel	31	Bachillerato	Hombres	80
Diciembre 2007	44	Teruel	31	Bachillerato	Mujeres	166
Diciembre 2007	44	Teruel	32	Enseñanza media de formación profesional	Hombres	73
Diciembre 2007	44	Teruel	32	Enseñanza media de formación profesional	Mujeres	225
Diciembre 2007	44	Teruel	41	Enseñanza superior de formación profesional	Hombres	53
Diciembre 2007	44	Teruel	41	Enseñanza superior de formación profesional	Mujeres	101
Diciembre 2007	44	Teruel	42	Enseñanza superior universitaria	Hombres	57
Diciembre 2007	44	Teruel	42	Enseñanza superior universitaria	Mujeres	182
Diciembre 2007	50	Zaragoza	0	Sin clasificar	Mujeres	1
Diciembre 2007	50	Zaragoza	10	Educación Primaria o inferior	Hombres	1340
Diciembre 2007	50	Zaragoza	10	Educación Primaria o inferior	Mujeres	1145
Diciembre 2007	50	Zaragoza	20	Primera etapa de educación secundaria	Hombres	7254
Diciembre 2007	50	Zaragoza	20	Primera etapa de educación secundaria	Mujeres	9725
Diciembre 2007	50	Zaragoza	31	Bachillerato	Hombres	1324
Diciembre 2007	50	Zaragoza	31	Bachillerato	Mujeres	1827
Diciembre 2007	50	Zaragoza	32	Enseñanza media de formación profesional	Hombres	532
Diciembre 2007	50	Zaragoza	32	Enseñanza media de formación profesional	Mujeres	1291
Diciembre 2007	50	Zaragoza	41	Enseñanza superior de formación profesional	Hombres	445
Diciembre 2007	50	Zaragoza	41	Enseñanza superior de formación profesional	Mujeres	891
Diciembre 2007	50	Zaragoza	42	Enseñanza superior universitaria	Hombres	757
Diciembre 2007	50	Zaragoza	42	Enseñanza superior universitaria	Mujeres	1949
Noviembre 2007	22	Huesca	10	Educación Primaria o inferior	Hombres	634
Noviembre 2007	22	Huesca	10	Educación Primaria o inferior	Mujeres	484
Noviembre 2007	22	Huesca	20	Primera etapa de educación secundaria	Hombres	1273
Noviembre 2007	22	Huesca	20	Primera etapa de educación secundaria	Mujeres	1721
Noviembre 2007	22	Huesca	31	Bachillerato	Hombres	229
Noviembre 2007	22	Huesca	31	Bachillerato	Mujeres	377
Noviembre 2007	22	Huesca	32	Enseñanza media de formación profesional	Hombres	103
Noviembre 2007	22	Huesca	32	Enseñanza media de formación profesional	Mujeres	295
Noviembre 2007	22	Huesca	41	Enseñanza superior de formación profesional	Hombres	79
Noviembre 2007	22	Huesca	41	Enseñanza superior de formación profesional	Mujeres	187
Noviembre 2007	22	Huesca	42	Enseñanza superior universitaria	Hombres	132
Noviembre 2007	22	Huesca	42	Enseñanza superior universitaria	Mujeres	384
Noviembre 2007	44	Teruel	10	Educación Primaria o inferior	Hombres	484
Noviembre 2007	44	Teruel	10	Educación Primaria o inferior	Mujeres	641
Noviembre 2007	44	Teruel	20	Primera etapa de educación secundaria	Hombres	650
Noviembre 2007	44	Teruel	20	Primera etapa de educación secundaria	Mujeres	1063
Noviembre 2007	44	Teruel	31	Bachillerato	Hombres	74
Noviembre 2007	44	Teruel	31	Bachillerato	Mujeres	170
Noviembre 2007	44	Teruel	32	Enseñanza media de formación profesional	Hombres	68
Noviembre 2007	44	Teruel	32	Enseñanza media de formación profesional	Mujeres	212
Noviembre 2007	44	Teruel	41	Enseñanza superior de formación profesional	Hombres	54
Noviembre 2007	44	Teruel	41	Enseñanza superior de formación profesional	Mujeres	114
Noviembre 2007	44	Teruel	42	Enseñanza superior universitaria	Hombres	60
Noviembre 2007	44	Teruel	42	Enseñanza superior universitaria	Mujeres	186
Noviembre 2007	50	Zaragoza	10	Educación Primaria o inferior	Hombres	1205
Noviembre 2007	50	Zaragoza	10	Educación Primaria o inferior	Mujeres	1156
Noviembre 2007	50	Zaragoza	20	Primera etapa de educación secundaria	Hombres	6699
Noviembre 2007	50	Zaragoza	20	Primera etapa de educación secundaria	Mujeres	9732
Noviembre 2007	50	Zaragoza	31	Bachillerato	Hombres	1233
Noviembre 2007	50	Zaragoza	31	Bachillerato	Mujeres	1823
Noviembre 2007	50	Zaragoza	32	Enseñanza media de formación profesional	Hombres	512
Noviembre 2007	50	Zaragoza	32	Enseñanza media de formación profesional	Mujeres	1364
Noviembre 2007	50	Zaragoza	41	Enseñanza superior de formación profesional	Hombres	419
Noviembre 2007	50	Zaragoza	41	Enseñanza superior de formación profesional	Mujeres	902
Noviembre 2007	50	Zaragoza	42	Enseñanza superior universitaria	Hombres	747
Noviembre 2007	50	Zaragoza	42	Enseñanza superior universitaria	Mujeres	1905
Octubre 2007	22	Huesca	10	Educación Primaria o inferior	Hombres	578
Octubre 2007	22	Huesca	10	Educación Primaria o inferior	Mujeres	485
Octubre 2007	22	Huesca	20	Primera etapa de educación secundaria	Hombres	1297
Octubre 2007	22	Huesca	20	Primera etapa de educación secundaria	Mujeres	1770
Octubre 2007	22	Huesca	31	Bachillerato	Hombres	236
Octubre 2007	22	Huesca	31	Bachillerato	Mujeres	403
Octubre 2007	22	Huesca	32	Enseñanza media de formación profesional	Hombres	113
Octubre 2007	22	Huesca	32	Enseñanza media de formación profesional	Mujeres	283
Octubre 2007	22	Huesca	41	Enseñanza superior de formación profesional	Hombres	69
Octubre 2007	22	Huesca	41	Enseñanza superior de formación profesional	Mujeres	184
Octubre 2007	22	Huesca	42	Enseñanza superior universitaria	Hombres	120
Octubre 2007	22	Huesca	42	Enseñanza superior universitaria	Mujeres	397
Octubre 2007	44	Teruel	10	Educación Primaria o inferior	Hombres	478
Octubre 2007	44	Teruel	10	Educación Primaria o inferior	Mujeres	576
Octubre 2007	44	Teruel	20	Primera etapa de educación secundaria	Hombres	657
Octubre 2007	44	Teruel	20	Primera etapa de educación secundaria	Mujeres	1069
Octubre 2007	44	Teruel	31	Bachillerato	Hombres	92
Octubre 2007	44	Teruel	31	Bachillerato	Mujeres	167
Octubre 2007	44	Teruel	32	Enseñanza media de formación profesional	Hombres	65
Octubre 2007	44	Teruel	32	Enseñanza media de formación profesional	Mujeres	206
Octubre 2007	44	Teruel	41	Enseñanza superior de formación profesional	Hombres	55
Octubre 2007	44	Teruel	41	Enseñanza superior de formación profesional	Mujeres	128
Octubre 2007	44	Teruel	42	Enseñanza superior universitaria	Hombres	64
Octubre 2007	44	Teruel	42	Enseñanza superior universitaria	Mujeres	196
Octubre 2007	50	Zaragoza	10	Educación Primaria o inferior	Hombres	1152
Octubre 2007	50	Zaragoza	10	Educación Primaria o inferior	Mujeres	1090
Octubre 2007	50	Zaragoza	20	Primera etapa de educación secundaria	Hombres	6426
Octubre 2007	50	Zaragoza	20	Primera etapa de educación secundaria	Mujeres	9460
Octubre 2007	50	Zaragoza	31	Bachillerato	Hombres	1225
Octubre 2007	50	Zaragoza	31	Bachillerato	Mujeres	1783
Octubre 2007	50	Zaragoza	32	Enseñanza media de formación profesional	Hombres	475
Octubre 2007	50	Zaragoza	32	Enseñanza media de formación profesional	Mujeres	1353
Octubre 2007	50	Zaragoza	41	Enseñanza superior de formación profesional	Hombres	387
Octubre 2007	50	Zaragoza	41	Enseñanza superior de formación profesional	Mujeres	919
Octubre 2007	50	Zaragoza	42	Enseñanza superior universitaria	Hombres	726
Octubre 2007	50	Zaragoza	42	Enseñanza superior universitaria	Mujeres	1901
Septiembre 2007	22	Huesca	10	Educación Primaria o inferior	Hombres	540
Septiembre 2007	22	Huesca	10	Educación Primaria o inferior	Mujeres	420
Septiembre 2007	22	Huesca	20	Primera etapa de educación secundaria	Hombres	1245
Septiembre 2007	22	Huesca	20	Primera etapa de educación secundaria	Mujeres	1657
Septiembre 2007	22	Huesca	31	Bachillerato	Hombres	203
Septiembre 2007	22	Huesca	31	Bachillerato	Mujeres	362
Septiembre 2007	22	Huesca	32	Enseñanza media de formación profesional	Hombres	102
Septiembre 2007	22	Huesca	32	Enseñanza media de formación profesional	Mujeres	247
Septiembre 2007	22	Huesca	41	Enseñanza superior de formación profesional	Hombres	70
Septiembre 2007	22	Huesca	41	Enseñanza superior de formación profesional	Mujeres	180
Septiembre 2007	22	Huesca	42	Enseñanza superior universitaria	Hombres	127
Septiembre 2007	22	Huesca	42	Enseñanza superior universitaria	Mujeres	412
Septiembre 2007	44	Teruel	10	Educación Primaria o inferior	Hombres	500
Septiembre 2007	44	Teruel	10	Educación Primaria o inferior	Mujeres	522
Septiembre 2007	44	Teruel	20	Primera etapa de educación secundaria	Hombres	626
Septiembre 2007	44	Teruel	20	Primera etapa de educación secundaria	Mujeres	989
Septiembre 2007	44	Teruel	31	Bachillerato	Hombres	88
Septiembre 2007	44	Teruel	31	Bachillerato	Mujeres	169
Septiembre 2007	44	Teruel	32	Enseñanza media de formación profesional	Hombres	59
Septiembre 2007	44	Teruel	32	Enseñanza media de formación profesional	Mujeres	171
Septiembre 2007	44	Teruel	41	Enseñanza superior de formación profesional	Hombres	55
Septiembre 2007	44	Teruel	41	Enseñanza superior de formación profesional	Mujeres	128
Septiembre 2007	44	Teruel	42	Enseñanza superior universitaria	Hombres	68
Septiembre 2007	44	Teruel	42	Enseñanza superior universitaria	Mujeres	232
Septiembre 2007	50	Zaragoza	10	Educación Primaria o inferior	Hombres	1118
Septiembre 2007	50	Zaragoza	10	Educación Primaria o inferior	Mujeres	971
Septiembre 2007	50	Zaragoza	20	Primera etapa de educación secundaria	Hombres	6250
Septiembre 2007	50	Zaragoza	20	Primera etapa de educación secundaria	Mujeres	9216
Septiembre 2007	50	Zaragoza	31	Bachillerato	Hombres	1135
Septiembre 2007	50	Zaragoza	31	Bachillerato	Mujeres	1769
Septiembre 2007	50	Zaragoza	32	Enseñanza media de formación profesional	Hombres	473
Septiembre 2007	50	Zaragoza	32	Enseñanza media de formación profesional	Mujeres	1295
Septiembre 2007	50	Zaragoza	41	Enseñanza superior de formación profesional	Hombres	397
Septiembre 2007	50	Zaragoza	41	Enseñanza superior de formación profesional	Mujeres	899
Septiembre 2007	50	Zaragoza	42	Enseñanza superior universitaria	Hombres	702
Septiembre 2007	50	Zaragoza	42	Enseñanza superior universitaria	Mujeres	1988
Agosto 2007	22	Huesca	10	Educación Primaria o inferior	Hombres	501
Agosto 2007	22	Huesca	10	Educación Primaria o inferior	Mujeres	377
Agosto 2007	22	Huesca	20	Primera etapa de educación secundaria	Hombres	1190
Agosto 2007	22	Huesca	20	Primera etapa de educación secundaria	Mujeres	1570
Agosto 2007	22	Huesca	31	Bachillerato	Hombres	204
Agosto 2007	22	Huesca	31	Bachillerato	Mujeres	352
Agosto 2007	22	Huesca	32	Enseñanza media de formación profesional	Hombres	85
Agosto 2007	22	Huesca	32	Enseñanza media de formación profesional	Mujeres	221
Agosto 2007	22	Huesca	41	Enseñanza superior de formación profesional	Hombres	68
Agosto 2007	22	Huesca	41	Enseñanza superior de formación profesional	Mujeres	167
Agosto 2007	22	Huesca	42	Enseñanza superior universitaria	Hombres	134
Agosto 2007	22	Huesca	42	Enseñanza superior universitaria	Mujeres	397
Agosto 2007	44	Teruel	10	Educación Primaria o inferior	Hombres	484
Agosto 2007	44	Teruel	10	Educación Primaria o inferior	Mujeres	461
Agosto 2007	44	Teruel	20	Primera etapa de educación secundaria	Hombres	652
Agosto 2007	44	Teruel	20	Primera etapa de educación secundaria	Mujeres	992
Agosto 2007	44	Teruel	31	Bachillerato	Hombres	72
Agosto 2007	44	Teruel	31	Bachillerato	Mujeres	169
Agosto 2007	44	Teruel	32	Enseñanza media de formación profesional	Hombres	51
Agosto 2007	44	Teruel	32	Enseñanza media de formación profesional	Mujeres	163
Agosto 2007	44	Teruel	41	Enseñanza superior de formación profesional	Hombres	48
Agosto 2007	44	Teruel	41	Enseñanza superior de formación profesional	Mujeres	117
Agosto 2007	44	Teruel	42	Enseñanza superior universitaria	Hombres	81
Agosto 2007	44	Teruel	42	Enseñanza superior universitaria	Mujeres	226
Agosto 2007	50	Zaragoza	10	Educación Primaria o inferior	Hombres	1157
Agosto 2007	50	Zaragoza	10	Educación Primaria o inferior	Mujeres	1008
Agosto 2007	50	Zaragoza	20	Primera etapa de educación secundaria	Hombres	6456
Agosto 2007	50	Zaragoza	20	Primera etapa de educación secundaria	Mujeres	9269
Agosto 2007	50	Zaragoza	31	Bachillerato	Hombres	1182
Agosto 2007	50	Zaragoza	31	Bachillerato	Mujeres	1862
Agosto 2007	50	Zaragoza	32	Enseñanza media de formación profesional	Hombres	460
Agosto 2007	50	Zaragoza	32	Enseñanza media de formación profesional	Mujeres	1253
Agosto 2007	50	Zaragoza	41	Enseñanza superior de formación profesional	Hombres	440
Agosto 2007	50	Zaragoza	41	Enseñanza superior de formación profesional	Mujeres	921
Agosto 2007	50	Zaragoza	42	Enseñanza superior universitaria	Hombres	754
Agosto 2007	50	Zaragoza	42	Enseñanza superior universitaria	Mujeres	2111
Julio 2007	22	Huesca	10	Educación Primaria o inferior	Hombres	406
Julio 2007	22	Huesca	10	Educación Primaria o inferior	Mujeres	326
Julio 2007	22	Huesca	20	Primera etapa de educación secundaria	Hombres	1043
Julio 2007	22	Huesca	20	Primera etapa de educación secundaria	Mujeres	1432
Julio 2007	22	Huesca	31	Bachillerato	Hombres	200
Julio 2007	22	Huesca	31	Bachillerato	Mujeres	319
Julio 2007	22	Huesca	32	Enseñanza media de formación profesional	Hombres	67
Julio 2007	22	Huesca	32	Enseñanza media de formación profesional	Mujeres	208
Julio 2007	22	Huesca	41	Enseñanza superior de formación profesional	Hombres	58
Julio 2007	22	Huesca	41	Enseñanza superior de formación profesional	Mujeres	168
Julio 2007	22	Huesca	42	Enseñanza superior universitaria	Hombres	114
Julio 2007	22	Huesca	42	Enseñanza superior universitaria	Mujeres	350
Julio 2007	44	Teruel	10	Educación Primaria o inferior	Hombres	415
Julio 2007	44	Teruel	10	Educación Primaria o inferior	Mujeres	443
Julio 2007	44	Teruel	20	Primera etapa de educación secundaria	Hombres	641
Julio 2007	44	Teruel	20	Primera etapa de educación secundaria	Mujeres	1033
Julio 2007	44	Teruel	31	Bachillerato	Hombres	70
Julio 2007	44	Teruel	31	Bachillerato	Mujeres	164
Julio 2007	44	Teruel	32	Enseñanza media de formación profesional	Hombres	48
Julio 2007	44	Teruel	32	Enseñanza media de formación profesional	Mujeres	155
Julio 2007	44	Teruel	41	Enseñanza superior de formación profesional	Hombres	53
Julio 2007	44	Teruel	41	Enseñanza superior de formación profesional	Mujeres	125
Julio 2007	44	Teruel	42	Enseñanza superior universitaria	Hombres	73
Julio 2007	44	Teruel	42	Enseñanza superior universitaria	Mujeres	216
Julio 2007	50	Zaragoza	10	Educación Primaria o inferior	Hombres	1095
Julio 2007	50	Zaragoza	10	Educación Primaria o inferior	Mujeres	1025
Julio 2007	50	Zaragoza	20	Primera etapa de educación secundaria	Hombres	5846
Julio 2007	50	Zaragoza	20	Primera etapa de educación secundaria	Mujeres	9200
Julio 2007	50	Zaragoza	31	Bachillerato	Hombres	1133
Julio 2007	50	Zaragoza	31	Bachillerato	Mujeres	1730
Julio 2007	50	Zaragoza	32	Enseñanza media de formación profesional	Hombres	392
Julio 2007	50	Zaragoza	32	Enseñanza media de formación profesional	Mujeres	1179
Julio 2007	50	Zaragoza	41	Enseñanza superior de formación profesional	Hombres	380
Julio 2007	50	Zaragoza	41	Enseñanza superior de formación profesional	Mujeres	872
Julio 2007	50	Zaragoza	42	Enseñanza superior universitaria	Hombres	720
Julio 2007	50	Zaragoza	42	Enseñanza superior universitaria	Mujeres	2002
Junio 2007	22	Huesca	10	Educación Primaria o inferior	Hombres	370
Junio 2007	22	Huesca	10	Educación Primaria o inferior	Mujeres	337
Junio 2007	22	Huesca	20	Primera etapa de educación secundaria	Hombres	1059
Junio 2007	22	Huesca	20	Primera etapa de educación secundaria	Mujeres	1480
Junio 2007	22	Huesca	31	Bachillerato	Hombres	196
Junio 2007	22	Huesca	31	Bachillerato	Mujeres	336
Junio 2007	22	Huesca	32	Enseñanza media de formación profesional	Hombres	67
Junio 2007	22	Huesca	32	Enseñanza media de formación profesional	Mujeres	236
Junio 2007	22	Huesca	41	Enseñanza superior de formación profesional	Hombres	58
Junio 2007	22	Huesca	41	Enseñanza superior de formación profesional	Mujeres	164
Junio 2007	22	Huesca	42	Enseñanza superior universitaria	Hombres	106
Junio 2007	22	Huesca	42	Enseñanza superior universitaria	Mujeres	336
Junio 2007	44	Teruel	10	Educación Primaria o inferior	Hombres	367
Junio 2007	44	Teruel	10	Educación Primaria o inferior	Mujeres	415
Junio 2007	44	Teruel	20	Primera etapa de educación secundaria	Hombres	684
Junio 2007	44	Teruel	20	Primera etapa de educación secundaria	Mujeres	1144
Junio 2007	44	Teruel	31	Bachillerato	Hombres	76
Junio 2007	44	Teruel	31	Bachillerato	Mujeres	170
Junio 2007	44	Teruel	32	Enseñanza media de formación profesional	Hombres	52
Junio 2007	44	Teruel	32	Enseñanza media de formación profesional	Mujeres	188
Junio 2007	44	Teruel	41	Enseñanza superior de formación profesional	Hombres	53
Junio 2007	44	Teruel	41	Enseñanza superior de formación profesional	Mujeres	123
Junio 2007	44	Teruel	42	Enseñanza superior universitaria	Hombres	72
Junio 2007	44	Teruel	42	Enseñanza superior universitaria	Mujeres	199
Junio 2007	50	Zaragoza	10	Educación Primaria o inferior	Hombres	983
Junio 2007	50	Zaragoza	10	Educación Primaria o inferior	Mujeres	1025
Junio 2007	50	Zaragoza	20	Primera etapa de educación secundaria	Hombres	5693
Junio 2007	50	Zaragoza	20	Primera etapa de educación secundaria	Mujeres	9191
Junio 2007	50	Zaragoza	31	Bachillerato	Hombres	1087
Junio 2007	50	Zaragoza	31	Bachillerato	Mujeres	1652
Junio 2007	50	Zaragoza	32	Enseñanza media de formación profesional	Hombres	398
Junio 2007	50	Zaragoza	32	Enseñanza media de formación profesional	Mujeres	1203
Junio 2007	50	Zaragoza	41	Enseñanza superior de formación profesional	Hombres	336
Junio 2007	50	Zaragoza	41	Enseñanza superior de formación profesional	Mujeres	800
Junio 2007	50	Zaragoza	42	Enseñanza superior universitaria	Hombres	678
Junio 2007	50	Zaragoza	42	Enseñanza superior universitaria	Mujeres	1831
Mayo 2007	22	Huesca	10	Educación Primaria o inferior	Hombres	372
Mayo 2007	22	Huesca	10	Educación Primaria o inferior	Mujeres	366
Mayo 2007	22	Huesca	20	Primera etapa de educación secundaria	Hombres	1146
Mayo 2007	22	Huesca	20	Primera etapa de educación secundaria	Mujeres	1595
Mayo 2007	22	Huesca	31	Bachillerato	Hombres	207
Mayo 2007	22	Huesca	31	Bachillerato	Mujeres	356
Mayo 2007	22	Huesca	32	Enseñanza media de formación profesional	Hombres	80
Mayo 2007	22	Huesca	32	Enseñanza media de formación profesional	Mujeres	265
Mayo 2007	22	Huesca	41	Enseñanza superior de formación profesional	Hombres	68
Mayo 2007	22	Huesca	41	Enseñanza superior de formación profesional	Mujeres	168
Mayo 2007	22	Huesca	42	Enseñanza superior universitaria	Hombres	108
Mayo 2007	22	Huesca	42	Enseñanza superior universitaria	Mujeres	352
Mayo 2007	44	Teruel	10	Educación Primaria o inferior	Hombres	364
Mayo 2007	44	Teruel	10	Educación Primaria o inferior	Mujeres	405
Mayo 2007	44	Teruel	20	Primera etapa de educación secundaria	Hombres	679
Mayo 2007	44	Teruel	20	Primera etapa de educación secundaria	Mujeres	1242
Mayo 2007	44	Teruel	31	Bachillerato	Hombres	83
Mayo 2007	44	Teruel	31	Bachillerato	Mujeres	216
Mayo 2007	44	Teruel	32	Enseñanza media de formación profesional	Hombres	62
Mayo 2007	44	Teruel	32	Enseñanza media de formación profesional	Mujeres	225
Mayo 2007	44	Teruel	41	Enseñanza superior de formación profesional	Hombres	52
Mayo 2007	44	Teruel	41	Enseñanza superior de formación profesional	Mujeres	131
Mayo 2007	44	Teruel	42	Enseñanza superior universitaria	Hombres	73
Mayo 2007	44	Teruel	42	Enseñanza superior universitaria	Mujeres	195
Mayo 2007	50	Zaragoza	10	Educación Primaria o inferior	Hombres	971
Mayo 2007	50	Zaragoza	10	Educación Primaria o inferior	Mujeres	1088
Mayo 2007	50	Zaragoza	20	Primera etapa de educación secundaria	Hombres	5776
Mayo 2007	50	Zaragoza	20	Primera etapa de educación secundaria	Mujeres	9368
Mayo 2007	50	Zaragoza	31	Bachillerato	Hombres	1196
Mayo 2007	50	Zaragoza	31	Bachillerato	Mujeres	1733
Mayo 2007	50	Zaragoza	32	Enseñanza media de formación profesional	Hombres	390
Mayo 2007	50	Zaragoza	32	Enseñanza media de formación profesional	Mujeres	1297
Mayo 2007	50	Zaragoza	41	Enseñanza superior de formación profesional	Hombres	364
Mayo 2007	50	Zaragoza	41	Enseñanza superior de formación profesional	Mujeres	800
Mayo 2007	50	Zaragoza	42	Enseñanza superior universitaria	Hombres	689
Mayo 2007	50	Zaragoza	42	Enseñanza superior universitaria	Mujeres	1829
Abril 2007	22	Huesca	10	Educación Primaria o inferior	Hombres	443
Abril 2007	22	Huesca	10	Educación Primaria o inferior	Mujeres	377
Abril 2007	22	Huesca	20	Primera etapa de educación secundaria	Hombres	1196
Abril 2007	22	Huesca	20	Primera etapa de educación secundaria	Mujeres	1616
Abril 2007	22	Huesca	31	Bachillerato	Hombres	204
Abril 2007	22	Huesca	31	Bachillerato	Mujeres	338
Abril 2007	22	Huesca	32	Enseñanza media de formación profesional	Hombres	93
Abril 2007	22	Huesca	32	Enseñanza media de formación profesional	Mujeres	285
Abril 2007	22	Huesca	41	Enseñanza superior de formación profesional	Hombres	66
Abril 2007	22	Huesca	41	Enseñanza superior de formación profesional	Mujeres	173
Abril 2007	22	Huesca	42	Enseñanza superior universitaria	Hombres	109
Abril 2007	22	Huesca	42	Enseñanza superior universitaria	Mujeres	353
Abril 2007	44	Teruel	10	Educación Primaria o inferior	Hombres	403
Abril 2007	44	Teruel	10	Educación Primaria o inferior	Mujeres	404
Abril 2007	44	Teruel	20	Primera etapa de educación secundaria	Hombres	746
Abril 2007	44	Teruel	20	Primera etapa de educación secundaria	Mujeres	1290
Abril 2007	44	Teruel	31	Bachillerato	Hombres	87
Abril 2007	44	Teruel	31	Bachillerato	Mujeres	200
Abril 2007	44	Teruel	32	Enseñanza media de formación profesional	Hombres	63
Abril 2007	44	Teruel	32	Enseñanza media de formación profesional	Mujeres	227
Abril 2007	44	Teruel	41	Enseñanza superior de formación profesional	Hombres	53
Abril 2007	44	Teruel	41	Enseñanza superior de formación profesional	Mujeres	125
Abril 2007	44	Teruel	42	Enseñanza superior universitaria	Hombres	77
Abril 2007	44	Teruel	42	Enseñanza superior universitaria	Mujeres	201
Abril 2007	50	Zaragoza	10	Educación Primaria o inferior	Hombres	1055
Abril 2007	50	Zaragoza	10	Educación Primaria o inferior	Mujeres	1096
Abril 2007	50	Zaragoza	20	Primera etapa de educación secundaria	Hombres	6222
Abril 2007	50	Zaragoza	20	Primera etapa de educación secundaria	Mujeres	9728
Abril 2007	50	Zaragoza	31	Bachillerato	Hombres	1241
Abril 2007	50	Zaragoza	31	Bachillerato	Mujeres	1755
Abril 2007	50	Zaragoza	32	Enseñanza media de formación profesional	Hombres	432
Abril 2007	50	Zaragoza	32	Enseñanza media de formación profesional	Mujeres	1383
Abril 2007	50	Zaragoza	41	Enseñanza superior de formación profesional	Hombres	371
Abril 2007	50	Zaragoza	41	Enseñanza superior de formación profesional	Mujeres	860
Abril 2007	50	Zaragoza	42	Enseñanza superior universitaria	Hombres	722
Abril 2007	50	Zaragoza	42	Enseñanza superior universitaria	Mujeres	1854
Marzo 2007	22	Huesca	10	Educación Primaria o inferior	Hombres	456
Marzo 2007	22	Huesca	10	Educación Primaria o inferior	Mujeres	382
Marzo 2007	22	Huesca	20	Primera etapa de educación secundaria	Hombres	1225
Marzo 2007	22	Huesca	20	Primera etapa de educación secundaria	Mujeres	1661
Marzo 2007	22	Huesca	31	Bachillerato	Hombres	209
Marzo 2007	22	Huesca	31	Bachillerato	Mujeres	342
Marzo 2007	22	Huesca	32	Enseñanza media de formación profesional	Hombres	86
Marzo 2007	22	Huesca	32	Enseñanza media de formación profesional	Mujeres	286
Marzo 2007	22	Huesca	41	Enseñanza superior de formación profesional	Hombres	63
Marzo 2007	22	Huesca	41	Enseñanza superior de formación profesional	Mujeres	176
Marzo 2007	22	Huesca	42	Enseñanza superior universitaria	Hombres	100
Marzo 2007	22	Huesca	42	Enseñanza superior universitaria	Mujeres	352
Marzo 2007	44	Teruel	10	Educación Primaria o inferior	Hombres	418
Marzo 2007	44	Teruel	10	Educación Primaria o inferior	Mujeres	399
Marzo 2007	44	Teruel	20	Primera etapa de educación secundaria	Hombres	763
Marzo 2007	44	Teruel	20	Primera etapa de educación secundaria	Mujeres	1319
Marzo 2007	44	Teruel	31	Bachillerato	Hombres	87
Marzo 2007	44	Teruel	31	Bachillerato	Mujeres	192
Marzo 2007	44	Teruel	32	Enseñanza media de formación profesional	Hombres	69
Marzo 2007	44	Teruel	32	Enseñanza media de formación profesional	Mujeres	231
Marzo 2007	44	Teruel	41	Enseñanza superior de formación profesional	Hombres	49
Marzo 2007	44	Teruel	41	Enseñanza superior de formación profesional	Mujeres	140
Marzo 2007	44	Teruel	42	Enseñanza superior universitaria	Hombres	82
Marzo 2007	44	Teruel	42	Enseñanza superior universitaria	Mujeres	211
Marzo 2007	50	Zaragoza	10	Educación Primaria o inferior	Hombres	1054
Marzo 2007	50	Zaragoza	10	Educación Primaria o inferior	Mujeres	1105
Marzo 2007	50	Zaragoza	20	Primera etapa de educación secundaria	Hombres	6252
Marzo 2007	50	Zaragoza	20	Primera etapa de educación secundaria	Mujeres	9689
Marzo 2007	50	Zaragoza	31	Bachillerato	Hombres	1260
Marzo 2007	50	Zaragoza	31	Bachillerato	Mujeres	1803
Marzo 2007	50	Zaragoza	32	Enseñanza media de formación profesional	Hombres	436
Marzo 2007	50	Zaragoza	32	Enseñanza media de formación profesional	Mujeres	1392
Marzo 2007	50	Zaragoza	41	Enseñanza superior de formación profesional	Hombres	366
Marzo 2007	50	Zaragoza	41	Enseñanza superior de formación profesional	Mujeres	882
Marzo 2007	50	Zaragoza	42	Enseñanza superior universitaria	Hombres	737
Marzo 2007	50	Zaragoza	42	Enseñanza superior universitaria	Mujeres	2001
Febrero 2007	22	Huesca	10	Educación Primaria o inferior	Hombres	481
Febrero 2007	22	Huesca	10	Educación Primaria o inferior	Mujeres	370
Febrero 2007	22	Huesca	20	Primera etapa de educación secundaria	Hombres	1260
Febrero 2007	22	Huesca	20	Primera etapa de educación secundaria	Mujeres	1655
Febrero 2007	22	Huesca	31	Bachillerato	Hombres	215
Febrero 2007	22	Huesca	31	Bachillerato	Mujeres	348
Febrero 2007	22	Huesca	32	Enseñanza media de formación profesional	Hombres	77
Febrero 2007	22	Huesca	32	Enseñanza media de formación profesional	Mujeres	279
Febrero 2007	22	Huesca	41	Enseñanza superior de formación profesional	Hombres	57
Febrero 2007	22	Huesca	41	Enseñanza superior de formación profesional	Mujeres	172
Febrero 2007	22	Huesca	42	Enseñanza superior universitaria	Hombres	108
Febrero 2007	22	Huesca	42	Enseñanza superior universitaria	Mujeres	357
Febrero 2007	44	Teruel	10	Educación Primaria o inferior	Hombres	416
Febrero 2007	44	Teruel	10	Educación Primaria o inferior	Mujeres	387
Febrero 2007	44	Teruel	20	Primera etapa de educación secundaria	Hombres	786
Febrero 2007	44	Teruel	20	Primera etapa de educación secundaria	Mujeres	1325
Febrero 2007	44	Teruel	31	Bachillerato	Hombres	96
Febrero 2007	44	Teruel	31	Bachillerato	Mujeres	197
Febrero 2007	44	Teruel	32	Enseñanza media de formación profesional	Hombres	75
Febrero 2007	44	Teruel	32	Enseñanza media de formación profesional	Mujeres	238
Febrero 2007	44	Teruel	41	Enseñanza superior de formación profesional	Hombres	46
Febrero 2007	44	Teruel	41	Enseñanza superior de formación profesional	Mujeres	146
Febrero 2007	44	Teruel	42	Enseñanza superior universitaria	Hombres	88
Febrero 2007	44	Teruel	42	Enseñanza superior universitaria	Mujeres	220
Febrero 2007	50	Zaragoza	10	Educación Primaria o inferior	Hombres	1126
Febrero 2007	50	Zaragoza	10	Educación Primaria o inferior	Mujeres	1098
Febrero 2007	50	Zaragoza	20	Primera etapa de educación secundaria	Hombres	6294
Febrero 2007	50	Zaragoza	20	Primera etapa de educación secundaria	Mujeres	9541
Febrero 2007	50	Zaragoza	31	Bachillerato	Hombres	1299
Febrero 2007	50	Zaragoza	31	Bachillerato	Mujeres	1773
Febrero 2007	50	Zaragoza	32	Enseñanza media de formación profesional	Hombres	450
Febrero 2007	50	Zaragoza	32	Enseñanza media de formación profesional	Mujeres	1391
Febrero 2007	50	Zaragoza	41	Enseñanza superior de formación profesional	Hombres	371
Febrero 2007	50	Zaragoza	41	Enseñanza superior de formación profesional	Mujeres	895
Febrero 2007	50	Zaragoza	42	Enseñanza superior universitaria	Hombres	749
Febrero 2007	50	Zaragoza	42	Enseñanza superior universitaria	Mujeres	2003
Enero 2007	22	Huesca	10	Educación Primaria o inferior	Hombres	517
Enero 2007	22	Huesca	10	Educación Primaria o inferior	Mujeres	395
Enero 2007	22	Huesca	20	Primera etapa de educación secundaria	Hombres	1369
Enero 2007	22	Huesca	20	Primera etapa de educación secundaria	Mujeres	1660
Enero 2007	22	Huesca	31	Bachillerato	Hombres	219
Enero 2007	22	Huesca	31	Bachillerato	Mujeres	359
Enero 2007	22	Huesca	32	Enseñanza media de formación profesional	Hombres	92
Enero 2007	22	Huesca	32	Enseñanza media de formación profesional	Mujeres	303
Enero 2007	22	Huesca	41	Enseñanza superior de formación profesional	Hombres	71
Enero 2007	22	Huesca	41	Enseñanza superior de formación profesional	Mujeres	193
Enero 2007	22	Huesca	42	Enseñanza superior universitaria	Hombres	122
Enero 2007	22	Huesca	42	Enseñanza superior universitaria	Mujeres	397
Enero 2007	44	Teruel	10	Educación Primaria o inferior	Hombres	431
Enero 2007	44	Teruel	10	Educación Primaria o inferior	Mujeres	370
Enero 2007	44	Teruel	20	Primera etapa de educación secundaria	Hombres	829
Enero 2007	44	Teruel	20	Primera etapa de educación secundaria	Mujeres	1297
Enero 2007	44	Teruel	31	Bachillerato	Hombres	113
Enero 2007	44	Teruel	31	Bachillerato	Mujeres	184
Enero 2007	44	Teruel	32	Enseñanza media de formación profesional	Hombres	85
Enero 2007	44	Teruel	32	Enseñanza media de formación profesional	Mujeres	238
Enero 2007	44	Teruel	41	Enseñanza superior de formación profesional	Hombres	48
Enero 2007	44	Teruel	41	Enseñanza superior de formación profesional	Mujeres	137
Enero 2007	44	Teruel	42	Enseñanza superior universitaria	Hombres	81
Enero 2007	44	Teruel	42	Enseñanza superior universitaria	Mujeres	231
Enero 2007	50	Zaragoza	10	Educación Primaria o inferior	Hombres	1117
Enero 2007	50	Zaragoza	10	Educación Primaria o inferior	Mujeres	1126
Enero 2007	50	Zaragoza	20	Primera etapa de educación secundaria	Hombres	6593
Enero 2007	50	Zaragoza	20	Primera etapa de educación secundaria	Mujeres	9522
Enero 2007	50	Zaragoza	31	Bachillerato	Hombres	1323
Enero 2007	50	Zaragoza	31	Bachillerato	Mujeres	1885
Enero 2007	50	Zaragoza	32	Enseñanza media de formación profesional	Hombres	467
Enero 2007	50	Zaragoza	32	Enseñanza media de formación profesional	Mujeres	1448
Enero 2007	50	Zaragoza	41	Enseñanza superior de formación profesional	Hombres	388
Enero 2007	50	Zaragoza	41	Enseñanza superior de formación profesional	Mujeres	963
Enero 2007	50	Zaragoza	42	Enseñanza superior universitaria	Hombres	784
Enero 2007	50	Zaragoza	42	Enseñanza superior universitaria	Mujeres	2008
Diciembre 2006	22	Huesca	10	Educación Primaria o inferior	Hombres	525
Diciembre 2006	22	Huesca	10	Educación Primaria o inferior	Mujeres	371
Diciembre 2006	22	Huesca	20	Primera etapa de educación secundaria	Hombres	1330
Diciembre 2006	22	Huesca	20	Primera etapa de educación secundaria	Mujeres	1591
Diciembre 2006	22	Huesca	31	Bachillerato	Hombres	223
Diciembre 2006	22	Huesca	31	Bachillerato	Mujeres	337
Diciembre 2006	22	Huesca	32	Enseñanza media de formación profesional	Hombres	95
Diciembre 2006	22	Huesca	32	Enseñanza media de formación profesional	Mujeres	264
Diciembre 2006	22	Huesca	41	Enseñanza superior de formación profesional	Hombres	73
Diciembre 2006	22	Huesca	41	Enseñanza superior de formación profesional	Mujeres	181
Diciembre 2006	22	Huesca	42	Enseñanza superior universitaria	Hombres	128
Diciembre 2006	22	Huesca	42	Enseñanza superior universitaria	Mujeres	365
Diciembre 2006	44	Teruel	10	Educación Primaria o inferior	Hombres	426
Diciembre 2006	44	Teruel	10	Educación Primaria o inferior	Mujeres	342
Diciembre 2006	44	Teruel	20	Primera etapa de educación secundaria	Hombres	825
Diciembre 2006	44	Teruel	20	Primera etapa de educación secundaria	Mujeres	1250
Diciembre 2006	44	Teruel	31	Bachillerato	Hombres	106
Diciembre 2006	44	Teruel	31	Bachillerato	Mujeres	176
Diciembre 2006	44	Teruel	32	Enseñanza media de formación profesional	Hombres	70
Diciembre 2006	44	Teruel	32	Enseñanza media de formación profesional	Mujeres	217
Diciembre 2006	44	Teruel	41	Enseñanza superior de formación profesional	Hombres	43
Diciembre 2006	44	Teruel	41	Enseñanza superior de formación profesional	Mujeres	125
Diciembre 2006	44	Teruel	42	Enseñanza superior universitaria	Hombres	77
Diciembre 2006	44	Teruel	42	Enseñanza superior universitaria	Mujeres	200
Diciembre 2006	50	Zaragoza	10	Educación Primaria o inferior	Hombres	1123
Diciembre 2006	50	Zaragoza	10	Educación Primaria o inferior	Mujeres	988
Diciembre 2006	50	Zaragoza	20	Primera etapa de educación secundaria	Hombres	6642
Diciembre 2006	50	Zaragoza	20	Primera etapa de educación secundaria	Mujeres	9311
Diciembre 2006	50	Zaragoza	31	Bachillerato	Hombres	1344
Diciembre 2006	50	Zaragoza	31	Bachillerato	Mujeres	1859
Diciembre 2006	50	Zaragoza	32	Enseñanza media de formación profesional	Hombres	474
Diciembre 2006	50	Zaragoza	32	Enseñanza media de formación profesional	Mujeres	1311
Diciembre 2006	50	Zaragoza	41	Enseñanza superior de formación profesional	Hombres	406
Diciembre 2006	50	Zaragoza	41	Enseñanza superior de formación profesional	Mujeres	908
Diciembre 2006	50	Zaragoza	42	Enseñanza superior universitaria	Hombres	815
Diciembre 2006	50	Zaragoza	42	Enseñanza superior universitaria	Mujeres	1986
Noviembre 2006	22	Huesca	10	Educación Primaria o inferior	Hombres	429
Noviembre 2006	22	Huesca	10	Educación Primaria o inferior	Mujeres	388
Noviembre 2006	22	Huesca	20	Primera etapa de educación secundaria	Hombres	1187
Noviembre 2006	22	Huesca	20	Primera etapa de educación secundaria	Mujeres	1669
Noviembre 2006	22	Huesca	31	Bachillerato	Hombres	218
Noviembre 2006	22	Huesca	31	Bachillerato	Mujeres	355
Noviembre 2006	22	Huesca	32	Enseñanza media de formación profesional	Hombres	93
Noviembre 2006	22	Huesca	32	Enseñanza media de formación profesional	Mujeres	282
Noviembre 2006	22	Huesca	41	Enseñanza superior de formación profesional	Hombres	70
Noviembre 2006	22	Huesca	41	Enseñanza superior de formación profesional	Mujeres	190
Noviembre 2006	22	Huesca	42	Enseñanza superior universitaria	Hombres	105
Noviembre 2006	22	Huesca	42	Enseñanza superior universitaria	Mujeres	406
Noviembre 2006	44	Teruel	10	Educación Primaria o inferior	Hombres	402
Noviembre 2006	44	Teruel	10	Educación Primaria o inferior	Mujeres	349
Noviembre 2006	44	Teruel	20	Primera etapa de educación secundaria	Hombres	759
Noviembre 2006	44	Teruel	20	Primera etapa de educación secundaria	Mujeres	1294
Noviembre 2006	44	Teruel	31	Bachillerato	Hombres	100
Noviembre 2006	44	Teruel	31	Bachillerato	Mujeres	193
Noviembre 2006	44	Teruel	32	Enseñanza media de formación profesional	Hombres	66
Noviembre 2006	44	Teruel	32	Enseñanza media de formación profesional	Mujeres	221
Noviembre 2006	44	Teruel	41	Enseñanza superior de formación profesional	Hombres	45
Noviembre 2006	44	Teruel	41	Enseñanza superior de formación profesional	Mujeres	129
Noviembre 2006	44	Teruel	42	Enseñanza superior universitaria	Hombres	77
Noviembre 2006	44	Teruel	42	Enseñanza superior universitaria	Mujeres	225
Noviembre 2006	50	Zaragoza	10	Educación Primaria o inferior	Hombres	1039
Noviembre 2006	50	Zaragoza	10	Educación Primaria o inferior	Mujeres	976
Noviembre 2006	50	Zaragoza	20	Primera etapa de educación secundaria	Hombres	6254
Noviembre 2006	50	Zaragoza	20	Primera etapa de educación secundaria	Mujeres	9488
Noviembre 2006	50	Zaragoza	31	Bachillerato	Hombres	1318
Noviembre 2006	50	Zaragoza	31	Bachillerato	Mujeres	1931
Noviembre 2006	50	Zaragoza	32	Enseñanza media de formación profesional	Hombres	467
Noviembre 2006	50	Zaragoza	32	Enseñanza media de formación profesional	Mujeres	1399
Noviembre 2006	50	Zaragoza	41	Enseñanza superior de formación profesional	Hombres	379
Noviembre 2006	50	Zaragoza	41	Enseñanza superior de formación profesional	Mujeres	943
Noviembre 2006	50	Zaragoza	42	Enseñanza superior universitaria	Hombres	810
Noviembre 2006	50	Zaragoza	42	Enseñanza superior universitaria	Mujeres	2029
Octubre 2006	22	Huesca	10	Educación Primaria o inferior	Hombres	434
Octubre 2006	22	Huesca	10	Educación Primaria o inferior	Mujeres	376
Octubre 2006	22	Huesca	20	Primera etapa de educación secundaria	Hombres	1146
Octubre 2006	22	Huesca	20	Primera etapa de educación secundaria	Mujeres	1641
Octubre 2006	22	Huesca	31	Bachillerato	Hombres	224
Octubre 2006	22	Huesca	31	Bachillerato	Mujeres	348
Octubre 2006	22	Huesca	32	Enseñanza media de formación profesional	Hombres	96
Octubre 2006	22	Huesca	32	Enseñanza media de formación profesional	Mujeres	292
Octubre 2006	22	Huesca	41	Enseñanza superior de formación profesional	Hombres	61
Octubre 2006	22	Huesca	41	Enseñanza superior de formación profesional	Mujeres	189
Octubre 2006	22	Huesca	42	Enseñanza superior universitaria	Hombres	106
Octubre 2006	22	Huesca	42	Enseñanza superior universitaria	Mujeres	403
Octubre 2006	44	Teruel	10	Educación Primaria o inferior	Hombres	381
Octubre 2006	44	Teruel	10	Educación Primaria o inferior	Mujeres	331
Octubre 2006	44	Teruel	20	Primera etapa de educación secundaria	Hombres	743
Octubre 2006	44	Teruel	20	Primera etapa de educación secundaria	Mujeres	1252
Octubre 2006	44	Teruel	31	Bachillerato	Hombres	104
Octubre 2006	44	Teruel	31	Bachillerato	Mujeres	190
Octubre 2006	44	Teruel	32	Enseñanza media de formación profesional	Hombres	68
Octubre 2006	44	Teruel	32	Enseñanza media de formación profesional	Mujeres	221
Octubre 2006	44	Teruel	41	Enseñanza superior de formación profesional	Hombres	45
Octubre 2006	44	Teruel	41	Enseñanza superior de formación profesional	Mujeres	137
Octubre 2006	44	Teruel	42	Enseñanza superior universitaria	Hombres	73
Octubre 2006	44	Teruel	42	Enseñanza superior universitaria	Mujeres	229
Octubre 2006	50	Zaragoza	10	Educación Primaria o inferior	Hombres	1012
Octubre 2006	50	Zaragoza	10	Educación Primaria o inferior	Mujeres	913
Octubre 2006	50	Zaragoza	20	Primera etapa de educación secundaria	Hombres	6294
Octubre 2006	50	Zaragoza	20	Primera etapa de educación secundaria	Mujeres	9352
Octubre 2006	50	Zaragoza	31	Bachillerato	Hombres	1313
Octubre 2006	50	Zaragoza	31	Bachillerato	Mujeres	1891
Octubre 2006	50	Zaragoza	32	Enseñanza media de formación profesional	Hombres	461
Octubre 2006	50	Zaragoza	32	Enseñanza media de formación profesional	Mujeres	1417
Octubre 2006	50	Zaragoza	41	Enseñanza superior de formación profesional	Hombres	387
Octubre 2006	50	Zaragoza	41	Enseñanza superior de formación profesional	Mujeres	970
Octubre 2006	50	Zaragoza	42	Enseñanza superior universitaria	Hombres	781
Octubre 2006	50	Zaragoza	42	Enseñanza superior universitaria	Mujeres	2071
Septiembre 2006	22	Huesca	10	Educación Primaria o inferior	Hombres	384
Septiembre 2006	22	Huesca	10	Educación Primaria o inferior	Mujeres	317
Septiembre 2006	22	Huesca	20	Primera etapa de educación secundaria	Hombres	1133
Septiembre 2006	22	Huesca	20	Primera etapa de educación secundaria	Mujeres	1632
Septiembre 2006	22	Huesca	31	Bachillerato	Hombres	218
Septiembre 2006	22	Huesca	31	Bachillerato	Mujeres	343
Septiembre 2006	22	Huesca	32	Enseñanza media de formación profesional	Hombres	81
Septiembre 2006	22	Huesca	32	Enseñanza media de formación profesional	Mujeres	253
Septiembre 2006	22	Huesca	41	Enseñanza superior de formación profesional	Hombres	66
Septiembre 2006	22	Huesca	41	Enseñanza superior de formación profesional	Mujeres	187
Septiembre 2006	22	Huesca	42	Enseñanza superior universitaria	Hombres	111
Septiembre 2006	22	Huesca	42	Enseñanza superior universitaria	Mujeres	399
Septiembre 2006	44	Teruel	10	Educación Primaria o inferior	Hombres	387
Septiembre 2006	44	Teruel	10	Educación Primaria o inferior	Mujeres	322
Septiembre 2006	44	Teruel	20	Primera etapa de educación secundaria	Hombres	735
Septiembre 2006	44	Teruel	20	Primera etapa de educación secundaria	Mujeres	1139
Septiembre 2006	44	Teruel	31	Bachillerato	Hombres	98
Septiembre 2006	44	Teruel	31	Bachillerato	Mujeres	189
Septiembre 2006	44	Teruel	32	Enseñanza media de formación profesional	Hombres	64
Septiembre 2006	44	Teruel	32	Enseñanza media de formación profesional	Mujeres	184
Septiembre 2006	44	Teruel	41	Enseñanza superior de formación profesional	Hombres	43
Septiembre 2006	44	Teruel	41	Enseñanza superior de formación profesional	Mujeres	149
Septiembre 2006	44	Teruel	42	Enseñanza superior universitaria	Hombres	75
Septiembre 2006	44	Teruel	42	Enseñanza superior universitaria	Mujeres	258
Septiembre 2006	50	Zaragoza	10	Educación Primaria o inferior	Hombres	922
Septiembre 2006	50	Zaragoza	10	Educación Primaria o inferior	Mujeres	819
Septiembre 2006	50	Zaragoza	20	Primera etapa de educación secundaria	Hombres	6220
Septiembre 2006	50	Zaragoza	20	Primera etapa de educación secundaria	Mujeres	9097
Septiembre 2006	50	Zaragoza	31	Bachillerato	Hombres	1338
Septiembre 2006	50	Zaragoza	31	Bachillerato	Mujeres	1900
Septiembre 2006	50	Zaragoza	32	Enseñanza media de formación profesional	Hombres	476
Septiembre 2006	50	Zaragoza	32	Enseñanza media de formación profesional	Mujeres	1280
Septiembre 2006	50	Zaragoza	41	Enseñanza superior de formación profesional	Hombres	395
Septiembre 2006	50	Zaragoza	41	Enseñanza superior de formación profesional	Mujeres	962
Septiembre 2006	50	Zaragoza	42	Enseñanza superior universitaria	Hombres	771
Septiembre 2006	50	Zaragoza	42	Enseñanza superior universitaria	Mujeres	2121
Agosto 2006	22	Huesca	10	Educación Primaria o inferior	Hombres	312
Agosto 2006	22	Huesca	10	Educación Primaria o inferior	Mujeres	269
Agosto 2006	22	Huesca	20	Primera etapa de educación secundaria	Hombres	1127
Agosto 2006	22	Huesca	20	Primera etapa de educación secundaria	Mujeres	1529
Agosto 2006	22	Huesca	31	Bachillerato	Hombres	194
Agosto 2006	22	Huesca	31	Bachillerato	Mujeres	307
Agosto 2006	22	Huesca	32	Enseñanza media de formación profesional	Hombres	74
Agosto 2006	22	Huesca	32	Enseñanza media de formación profesional	Mujeres	210
Agosto 2006	22	Huesca	41	Enseñanza superior de formación profesional	Hombres	44
Agosto 2006	22	Huesca	41	Enseñanza superior de formación profesional	Mujeres	177
Agosto 2006	22	Huesca	42	Enseñanza superior universitaria	Hombres	120
Agosto 2006	22	Huesca	42	Enseñanza superior universitaria	Mujeres	416
Agosto 2006	44	Teruel	10	Educación Primaria o inferior	Hombres	395
Agosto 2006	44	Teruel	10	Educación Primaria o inferior	Mujeres	290
Agosto 2006	44	Teruel	20	Primera etapa de educación secundaria	Hombres	716
Agosto 2006	44	Teruel	20	Primera etapa de educación secundaria	Mujeres	1051
Agosto 2006	44	Teruel	31	Bachillerato	Hombres	99
Agosto 2006	44	Teruel	31	Bachillerato	Mujeres	169
Agosto 2006	44	Teruel	32	Enseñanza media de formación profesional	Hombres	48
Agosto 2006	44	Teruel	32	Enseñanza media de formación profesional	Mujeres	157
Agosto 2006	44	Teruel	41	Enseñanza superior de formación profesional	Hombres	44
Agosto 2006	44	Teruel	41	Enseñanza superior de formación profesional	Mujeres	124
Agosto 2006	44	Teruel	42	Enseñanza superior universitaria	Hombres	82
Agosto 2006	44	Teruel	42	Enseñanza superior universitaria	Mujeres	261
Agosto 2006	50	Zaragoza	10	Educación Primaria o inferior	Hombres	929
Agosto 2006	50	Zaragoza	10	Educación Primaria o inferior	Mujeres	780
Agosto 2006	50	Zaragoza	20	Primera etapa de educación secundaria	Hombres	6365
Agosto 2006	50	Zaragoza	20	Primera etapa de educación secundaria	Mujeres	9147
Agosto 2006	50	Zaragoza	31	Bachillerato	Hombres	1319
Agosto 2006	50	Zaragoza	31	Bachillerato	Mujeres	1902
Agosto 2006	50	Zaragoza	32	Enseñanza media de formación profesional	Hombres	456
Agosto 2006	50	Zaragoza	32	Enseñanza media de formación profesional	Mujeres	1259
Agosto 2006	50	Zaragoza	41	Enseñanza superior de formación profesional	Hombres	402
Agosto 2006	50	Zaragoza	41	Enseñanza superior de formación profesional	Mujeres	946
Agosto 2006	50	Zaragoza	42	Enseñanza superior universitaria	Hombres	835
Agosto 2006	50	Zaragoza	42	Enseñanza superior universitaria	Mujeres	2357
Julio 2006	22	Huesca	10	Educación Primaria o inferior	Hombres	302
Julio 2006	22	Huesca	10	Educación Primaria o inferior	Mujeres	275
Julio 2006	22	Huesca	20	Primera etapa de educación secundaria	Hombres	1049
Julio 2006	22	Huesca	20	Primera etapa de educación secundaria	Mujeres	1500
Julio 2006	22	Huesca	31	Bachillerato	Hombres	191
Julio 2006	22	Huesca	31	Bachillerato	Mujeres	315
Julio 2006	22	Huesca	32	Enseñanza media de formación profesional	Hombres	61
Julio 2006	22	Huesca	32	Enseñanza media de formación profesional	Mujeres	201
Julio 2006	22	Huesca	41	Enseñanza superior de formación profesional	Hombres	45
Julio 2006	22	Huesca	41	Enseñanza superior de formación profesional	Mujeres	157
Julio 2006	22	Huesca	42	Enseñanza superior universitaria	Hombres	133
Julio 2006	22	Huesca	42	Enseñanza superior universitaria	Mujeres	392
Julio 2006	44	Teruel	10	Educación Primaria o inferior	Hombres	373
Julio 2006	44	Teruel	10	Educación Primaria o inferior	Mujeres	287
Julio 2006	44	Teruel	20	Primera etapa de educación secundaria	Hombres	707
Julio 2006	44	Teruel	20	Primera etapa de educación secundaria	Mujeres	1020
Julio 2006	44	Teruel	31	Bachillerato	Hombres	91
Julio 2006	44	Teruel	31	Bachillerato	Mujeres	177
Julio 2006	44	Teruel	32	Enseñanza media de formación profesional	Hombres	38
Julio 2006	44	Teruel	32	Enseñanza media de formación profesional	Mujeres	144
Julio 2006	44	Teruel	41	Enseñanza superior de formación profesional	Hombres	37
Julio 2006	44	Teruel	41	Enseñanza superior de formación profesional	Mujeres	114
Julio 2006	44	Teruel	42	Enseñanza superior universitaria	Hombres	75
Julio 2006	44	Teruel	42	Enseñanza superior universitaria	Mujeres	255
Julio 2006	50	Zaragoza	10	Educación Primaria o inferior	Hombres	890
Julio 2006	50	Zaragoza	10	Educación Primaria o inferior	Mujeres	804
Julio 2006	50	Zaragoza	20	Primera etapa de educación secundaria	Hombres	6131
Julio 2006	50	Zaragoza	20	Primera etapa de educación secundaria	Mujeres	9248
Julio 2006	50	Zaragoza	31	Bachillerato	Hombres	1287
Julio 2006	50	Zaragoza	31	Bachillerato	Mujeres	1845
Julio 2006	50	Zaragoza	32	Enseñanza media de formación profesional	Hombres	403
Julio 2006	50	Zaragoza	32	Enseñanza media de formación profesional	Mujeres	1211
Julio 2006	50	Zaragoza	41	Enseñanza superior de formación profesional	Hombres	383
Julio 2006	50	Zaragoza	41	Enseñanza superior de formación profesional	Mujeres	908
Julio 2006	50	Zaragoza	42	Enseñanza superior universitaria	Hombres	798
Julio 2006	50	Zaragoza	42	Enseñanza superior universitaria	Mujeres	2186
Junio 2006	22	Huesca	10	Educación Primaria o inferior	Hombres	295
Junio 2006	22	Huesca	10	Educación Primaria o inferior	Mujeres	269
Junio 2006	22	Huesca	20	Primera etapa de educación secundaria	Hombres	1079
Junio 2006	22	Huesca	20	Primera etapa de educación secundaria	Mujeres	1627
Junio 2006	22	Huesca	31	Bachillerato	Hombres	218
Junio 2006	22	Huesca	31	Bachillerato	Mujeres	364
Junio 2006	22	Huesca	32	Enseñanza media de formación profesional	Hombres	71
Junio 2006	22	Huesca	32	Enseñanza media de formación profesional	Mujeres	251
Junio 2006	22	Huesca	41	Enseñanza superior de formación profesional	Hombres	54
Junio 2006	22	Huesca	41	Enseñanza superior de formación profesional	Mujeres	173
Junio 2006	22	Huesca	42	Enseñanza superior universitaria	Hombres	125
Junio 2006	22	Huesca	42	Enseñanza superior universitaria	Mujeres	398
Junio 2006	44	Teruel	10	Educación Primaria o inferior	Hombres	332
Junio 2006	44	Teruel	10	Educación Primaria o inferior	Mujeres	282
Junio 2006	44	Teruel	20	Primera etapa de educación secundaria	Hombres	723
Junio 2006	44	Teruel	20	Primera etapa de educación secundaria	Mujeres	1161
Junio 2006	44	Teruel	31	Bachillerato	Hombres	109
Junio 2006	44	Teruel	31	Bachillerato	Mujeres	194
Junio 2006	44	Teruel	32	Enseñanza media de formación profesional	Hombres	51
Junio 2006	44	Teruel	32	Enseñanza media de formación profesional	Mujeres	169
Junio 2006	44	Teruel	41	Enseñanza superior de formación profesional	Hombres	39
Junio 2006	44	Teruel	41	Enseñanza superior de formación profesional	Mujeres	116
Junio 2006	44	Teruel	42	Enseñanza superior universitaria	Hombres	65
Junio 2006	44	Teruel	42	Enseñanza superior universitaria	Mujeres	233
Junio 2006	50	Zaragoza	10	Educación Primaria o inferior	Hombres	900
Junio 2006	50	Zaragoza	10	Educación Primaria o inferior	Mujeres	807
Junio 2006	50	Zaragoza	20	Primera etapa de educación secundaria	Hombres	6074
Junio 2006	50	Zaragoza	20	Primera etapa de educación secundaria	Mujeres	9386
Junio 2006	50	Zaragoza	31	Bachillerato	Hombres	1272
Junio 2006	50	Zaragoza	31	Bachillerato	Mujeres	1840
Junio 2006	50	Zaragoza	32	Enseñanza media de formación profesional	Hombres	391
Junio 2006	50	Zaragoza	32	Enseñanza media de formación profesional	Mujeres	1274
Junio 2006	50	Zaragoza	41	Enseñanza superior de formación profesional	Hombres	366
Junio 2006	50	Zaragoza	41	Enseñanza superior de formación profesional	Mujeres	870
Junio 2006	50	Zaragoza	42	Enseñanza superior universitaria	Hombres	751
Junio 2006	50	Zaragoza	42	Enseñanza superior universitaria	Mujeres	2084
Mayo 2006	22	Huesca	10	Educación Primaria o inferior	Hombres	294
Mayo 2006	22	Huesca	10	Educación Primaria o inferior	Mujeres	301
Mayo 2006	22	Huesca	20	Primera etapa de educación secundaria	Hombres	1182
Mayo 2006	22	Huesca	20	Primera etapa de educación secundaria	Mujeres	1728
Mayo 2006	22	Huesca	31	Bachillerato	Hombres	228
Mayo 2006	22	Huesca	31	Bachillerato	Mujeres	403
Mayo 2006	22	Huesca	32	Enseñanza media de formación profesional	Hombres	73
Mayo 2006	22	Huesca	32	Enseñanza media de formación profesional	Mujeres	286
Mayo 2006	22	Huesca	41	Enseñanza superior de formación profesional	Hombres	67
Mayo 2006	22	Huesca	41	Enseñanza superior de formación profesional	Mujeres	211
Mayo 2006	22	Huesca	42	Enseñanza superior universitaria	Hombres	129
Mayo 2006	22	Huesca	42	Enseñanza superior universitaria	Mujeres	430
Mayo 2006	44	Teruel	10	Educación Primaria o inferior	Hombres	365
Mayo 2006	44	Teruel	10	Educación Primaria o inferior	Mujeres	309
Mayo 2006	44	Teruel	20	Primera etapa de educación secundaria	Hombres	795
Mayo 2006	44	Teruel	20	Primera etapa de educación secundaria	Mujeres	1276
Mayo 2006	44	Teruel	31	Bachillerato	Hombres	126
Mayo 2006	44	Teruel	31	Bachillerato	Mujeres	208
Mayo 2006	44	Teruel	32	Enseñanza media de formación profesional	Hombres	55
Mayo 2006	44	Teruel	32	Enseñanza media de formación profesional	Mujeres	236
Mayo 2006	44	Teruel	41	Enseñanza superior de formación profesional	Hombres	59
Mayo 2006	44	Teruel	41	Enseñanza superior de formación profesional	Mujeres	133
Mayo 2006	44	Teruel	42	Enseñanza superior universitaria	Hombres	74
Mayo 2006	44	Teruel	42	Enseñanza superior universitaria	Mujeres	259
Mayo 2006	50	Zaragoza	0	Sin clasificar	Mujeres	1
Mayo 2006	50	Zaragoza	10	Educación Primaria o inferior	Hombres	907
Mayo 2006	50	Zaragoza	10	Educación Primaria o inferior	Mujeres	871
Mayo 2006	50	Zaragoza	20	Primera etapa de educación secundaria	Hombres	6720
Mayo 2006	50	Zaragoza	20	Primera etapa de educación secundaria	Mujeres	9952
Mayo 2006	50	Zaragoza	31	Bachillerato	Hombres	1407
Mayo 2006	50	Zaragoza	31	Bachillerato	Mujeres	2007
Mayo 2006	50	Zaragoza	32	Enseñanza media de formación profesional	Hombres	434
Mayo 2006	50	Zaragoza	32	Enseñanza media de formación profesional	Mujeres	1593
Mayo 2006	50	Zaragoza	41	Enseñanza superior de formación profesional	Hombres	437
Mayo 2006	50	Zaragoza	41	Enseñanza superior de formación profesional	Mujeres	1025
Mayo 2006	50	Zaragoza	42	Enseñanza superior universitaria	Hombres	866
Mayo 2006	50	Zaragoza	42	Enseñanza superior universitaria	Mujeres	2244
Abril 2006	22	Huesca	10	Educación Primaria o inferior	Hombres	365
Abril 2006	22	Huesca	10	Educación Primaria o inferior	Mujeres	314
Abril 2006	22	Huesca	20	Primera etapa de educación secundaria	Hombres	1264
Abril 2006	22	Huesca	20	Primera etapa de educación secundaria	Mujeres	1786
Abril 2006	22	Huesca	31	Bachillerato	Hombres	225
Abril 2006	22	Huesca	31	Bachillerato	Mujeres	378
Abril 2006	22	Huesca	32	Enseñanza media de formación profesional	Hombres	75
Abril 2006	22	Huesca	32	Enseñanza media de formación profesional	Mujeres	314
Abril 2006	22	Huesca	41	Enseñanza superior de formación profesional	Hombres	61
Abril 2006	22	Huesca	41	Enseñanza superior de formación profesional	Mujeres	208
Abril 2006	22	Huesca	42	Enseñanza superior universitaria	Hombres	133
Abril 2006	22	Huesca	42	Enseñanza superior universitaria	Mujeres	438
Abril 2006	44	Teruel	10	Educación Primaria o inferior	Hombres	383
Abril 2006	44	Teruel	10	Educación Primaria o inferior	Mujeres	311
Abril 2006	44	Teruel	20	Primera etapa de educación secundaria	Hombres	855
Abril 2006	44	Teruel	20	Primera etapa de educación secundaria	Mujeres	1301
Abril 2006	44	Teruel	31	Bachillerato	Hombres	115
Abril 2006	44	Teruel	31	Bachillerato	Mujeres	193
Abril 2006	44	Teruel	32	Enseñanza media de formación profesional	Hombres	63
Abril 2006	44	Teruel	32	Enseñanza media de formación profesional	Mujeres	244
Abril 2006	44	Teruel	41	Enseñanza superior de formación profesional	Hombres	56
Abril 2006	44	Teruel	41	Enseñanza superior de formación profesional	Mujeres	143
Abril 2006	44	Teruel	42	Enseñanza superior universitaria	Hombres	76
Abril 2006	44	Teruel	42	Enseñanza superior universitaria	Mujeres	273
Abril 2006	50	Zaragoza	0	Sin clasificar	Mujeres	1
Abril 2006	50	Zaragoza	10	Educación Primaria o inferior	Hombres	1131
Abril 2006	50	Zaragoza	10	Educación Primaria o inferior	Mujeres	949
Abril 2006	50	Zaragoza	20	Primera etapa de educación secundaria	Hombres	7330
Abril 2006	50	Zaragoza	20	Primera etapa de educación secundaria	Mujeres	10357
Abril 2006	50	Zaragoza	31	Bachillerato	Hombres	1493
Abril 2006	50	Zaragoza	31	Bachillerato	Mujeres	2013
Abril 2006	50	Zaragoza	32	Enseñanza media de formación profesional	Hombres	506
Abril 2006	50	Zaragoza	32	Enseñanza media de formación profesional	Mujeres	1626
Abril 2006	50	Zaragoza	41	Enseñanza superior de formación profesional	Hombres	475
Abril 2006	50	Zaragoza	41	Enseñanza superior de formación profesional	Mujeres	1003
Abril 2006	50	Zaragoza	42	Enseñanza superior universitaria	Hombres	936
Abril 2006	50	Zaragoza	42	Enseñanza superior universitaria	Mujeres	2360
Marzo 2006	22	Huesca	10	Educación Primaria o inferior	Hombres	478
Marzo 2006	22	Huesca	10	Educación Primaria o inferior	Mujeres	342
Marzo 2006	22	Huesca	20	Primera etapa de educación secundaria	Hombres	1394
Marzo 2006	22	Huesca	20	Primera etapa de educación secundaria	Mujeres	1884
Marzo 2006	22	Huesca	31	Bachillerato	Hombres	235
Marzo 2006	22	Huesca	31	Bachillerato	Mujeres	399
Marzo 2006	22	Huesca	32	Enseñanza media de formación profesional	Hombres	90
Marzo 2006	22	Huesca	32	Enseñanza media de formación profesional	Mujeres	334
Marzo 2006	22	Huesca	41	Enseñanza superior de formación profesional	Hombres	73
Marzo 2006	22	Huesca	41	Enseñanza superior de formación profesional	Mujeres	204
Marzo 2006	22	Huesca	42	Enseñanza superior universitaria	Hombres	135
Marzo 2006	22	Huesca	42	Enseñanza superior universitaria	Mujeres	479
Marzo 2006	44	Teruel	10	Educación Primaria o inferior	Hombres	394
Marzo 2006	44	Teruel	10	Educación Primaria o inferior	Mujeres	315
Marzo 2006	44	Teruel	20	Primera etapa de educación secundaria	Hombres	957
Marzo 2006	44	Teruel	20	Primera etapa de educación secundaria	Mujeres	1358
Marzo 2006	44	Teruel	31	Bachillerato	Hombres	119
Marzo 2006	44	Teruel	31	Bachillerato	Mujeres	204
Marzo 2006	44	Teruel	32	Enseñanza media de formación profesional	Hombres	69
Marzo 2006	44	Teruel	32	Enseñanza media de formación profesional	Mujeres	253
Marzo 2006	44	Teruel	41	Enseñanza superior de formación profesional	Hombres	64
Marzo 2006	44	Teruel	41	Enseñanza superior de formación profesional	Mujeres	148
Marzo 2006	44	Teruel	42	Enseñanza superior universitaria	Hombres	84
Marzo 2006	44	Teruel	42	Enseñanza superior universitaria	Mujeres	303
Marzo 2006	50	Zaragoza	0	Sin clasificar	Mujeres	1
Marzo 2006	50	Zaragoza	10	Educación Primaria o inferior	Hombres	1217
Marzo 2006	50	Zaragoza	10	Educación Primaria o inferior	Mujeres	1038
Marzo 2006	50	Zaragoza	20	Primera etapa de educación secundaria	Hombres	7612
Marzo 2006	50	Zaragoza	20	Primera etapa de educación secundaria	Mujeres	10666
Marzo 2006	50	Zaragoza	31	Bachillerato	Hombres	1564
Marzo 2006	50	Zaragoza	31	Bachillerato	Mujeres	2181
Marzo 2006	50	Zaragoza	32	Enseñanza media de formación profesional	Hombres	519
Marzo 2006	50	Zaragoza	32	Enseñanza media de formación profesional	Mujeres	1676
Marzo 2006	50	Zaragoza	41	Enseñanza superior de formación profesional	Hombres	519
Marzo 2006	50	Zaragoza	41	Enseñanza superior de formación profesional	Mujeres	1074
Marzo 2006	50	Zaragoza	42	Enseñanza superior universitaria	Hombres	989
Marzo 2006	50	Zaragoza	42	Enseñanza superior universitaria	Mujeres	2504
Febrero 2006	22	Huesca	10	Educación Primaria o inferior	Hombres	499
Febrero 2006	22	Huesca	10	Educación Primaria o inferior	Mujeres	335
Febrero 2006	22	Huesca	20	Primera etapa de educación secundaria	Hombres	1564
Febrero 2006	22	Huesca	20	Primera etapa de educación secundaria	Mujeres	1885
Febrero 2006	22	Huesca	31	Bachillerato	Hombres	258
Febrero 2006	22	Huesca	31	Bachillerato	Mujeres	402
Febrero 2006	22	Huesca	32	Enseñanza media de formación profesional	Hombres	101
Febrero 2006	22	Huesca	32	Enseñanza media de formación profesional	Mujeres	337
Febrero 2006	22	Huesca	41	Enseñanza superior de formación profesional	Hombres	66
Febrero 2006	22	Huesca	41	Enseñanza superior de formación profesional	Mujeres	220
Febrero 2006	22	Huesca	42	Enseñanza superior universitaria	Hombres	149
Febrero 2006	22	Huesca	42	Enseñanza superior universitaria	Mujeres	504
Febrero 2006	44	Teruel	10	Educación Primaria o inferior	Hombres	401
Febrero 2006	44	Teruel	10	Educación Primaria o inferior	Mujeres	295
Febrero 2006	44	Teruel	20	Primera etapa de educación secundaria	Hombres	969
Febrero 2006	44	Teruel	20	Primera etapa de educación secundaria	Mujeres	1385
Febrero 2006	44	Teruel	31	Bachillerato	Hombres	115
Febrero 2006	44	Teruel	31	Bachillerato	Mujeres	212
Febrero 2006	44	Teruel	32	Enseñanza media de formación profesional	Hombres	68
Febrero 2006	44	Teruel	32	Enseñanza media de formación profesional	Mujeres	245
Febrero 2006	44	Teruel	41	Enseñanza superior de formación profesional	Hombres	66
Febrero 2006	44	Teruel	41	Enseñanza superior de formación profesional	Mujeres	148
Febrero 2006	44	Teruel	42	Enseñanza superior universitaria	Hombres	89
Febrero 2006	44	Teruel	42	Enseñanza superior universitaria	Mujeres	298
Febrero 2006	50	Zaragoza	0	Sin clasificar	Mujeres	1
Febrero 2006	50	Zaragoza	10	Educación Primaria o inferior	Hombres	1252
Febrero 2006	50	Zaragoza	10	Educación Primaria o inferior	Mujeres	1046
Febrero 2006	50	Zaragoza	20	Primera etapa de educación secundaria	Hombres	7687
Febrero 2006	50	Zaragoza	20	Primera etapa de educación secundaria	Mujeres	10689
Febrero 2006	50	Zaragoza	31	Bachillerato	Hombres	1548
Febrero 2006	50	Zaragoza	31	Bachillerato	Mujeres	2138
Febrero 2006	50	Zaragoza	32	Enseñanza media de formación profesional	Hombres	540
Febrero 2006	50	Zaragoza	32	Enseñanza media de formación profesional	Mujeres	1652
Febrero 2006	50	Zaragoza	41	Enseñanza superior de formación profesional	Hombres	497
Febrero 2006	50	Zaragoza	41	Enseñanza superior de formación profesional	Mujeres	1083
Febrero 2006	50	Zaragoza	42	Enseñanza superior universitaria	Hombres	958
Febrero 2006	50	Zaragoza	42	Enseñanza superior universitaria	Mujeres	2591
Enero 2006	22	Huesca	10	Educación Primaria o inferior	Hombres	488
Enero 2006	22	Huesca	10	Educación Primaria o inferior	Mujeres	320
Enero 2006	22	Huesca	20	Primera etapa de educación secundaria	Hombres	1624
Enero 2006	22	Huesca	20	Primera etapa de educación secundaria	Mujeres	1892
Enero 2006	22	Huesca	31	Bachillerato	Hombres	281
Enero 2006	22	Huesca	31	Bachillerato	Mujeres	395
Enero 2006	22	Huesca	32	Enseñanza media de formación profesional	Hombres	95
Enero 2006	22	Huesca	32	Enseñanza media de formación profesional	Mujeres	351
Enero 2006	22	Huesca	41	Enseñanza superior de formación profesional	Hombres	78
Enero 2006	22	Huesca	41	Enseñanza superior de formación profesional	Mujeres	221
Enero 2006	22	Huesca	42	Enseñanza superior universitaria	Hombres	156
Enero 2006	22	Huesca	42	Enseñanza superior universitaria	Mujeres	533
Enero 2006	44	Teruel	10	Educación Primaria o inferior	Hombres	387
Enero 2006	44	Teruel	10	Educación Primaria o inferior	Mujeres	295
Enero 2006	44	Teruel	20	Primera etapa de educación secundaria	Hombres	1032
Enero 2006	44	Teruel	20	Primera etapa de educación secundaria	Mujeres	1453
Enero 2006	44	Teruel	31	Bachillerato	Hombres	131
Enero 2006	44	Teruel	31	Bachillerato	Mujeres	220
Enero 2006	44	Teruel	32	Enseñanza media de formación profesional	Hombres	75
Enero 2006	44	Teruel	32	Enseñanza media de formación profesional	Mujeres	242
Enero 2006	44	Teruel	41	Enseñanza superior de formación profesional	Hombres	71
Enero 2006	44	Teruel	41	Enseñanza superior de formación profesional	Mujeres	160
Enero 2006	44	Teruel	42	Enseñanza superior universitaria	Hombres	98
Enero 2006	44	Teruel	42	Enseñanza superior universitaria	Mujeres	299
Enero 2006	50	Zaragoza	0	Sin clasificar	Mujeres	1
Enero 2006	50	Zaragoza	10	Educación Primaria o inferior	Hombres	1213
Enero 2006	50	Zaragoza	10	Educación Primaria o inferior	Mujeres	1006
Enero 2006	50	Zaragoza	20	Primera etapa de educación secundaria	Hombres	7987
Enero 2006	50	Zaragoza	20	Primera etapa de educación secundaria	Mujeres	10778
Enero 2006	50	Zaragoza	31	Bachillerato	Hombres	1601
Enero 2006	50	Zaragoza	31	Bachillerato	Mujeres	2190
Enero 2006	50	Zaragoza	32	Enseñanza media de formación profesional	Hombres	550
Enero 2006	50	Zaragoza	32	Enseñanza media de formación profesional	Mujeres	1663
Enero 2006	50	Zaragoza	41	Enseñanza superior de formación profesional	Hombres	531
Enero 2006	50	Zaragoza	41	Enseñanza superior de formación profesional	Mujeres	1127
Enero 2006	50	Zaragoza	42	Enseñanza superior universitaria	Hombres	996
Enero 2006	50	Zaragoza	42	Enseñanza superior universitaria	Mujeres	2626
Diciembre 2005	22	Huesca	10	Educación Primaria o inferior	Hombres	476
Diciembre 2005	22	Huesca	10	Educación Primaria o inferior	Mujeres	285
Diciembre 2005	22	Huesca	20	Primera etapa de educación secundaria	Hombres	1591
Diciembre 2005	22	Huesca	20	Primera etapa de educación secundaria	Mujeres	1764
Diciembre 2005	22	Huesca	31	Bachillerato	Hombres	288
Diciembre 2005	22	Huesca	31	Bachillerato	Mujeres	369
Diciembre 2005	22	Huesca	32	Enseñanza media de formación profesional	Hombres	86
Diciembre 2005	22	Huesca	32	Enseñanza media de formación profesional	Mujeres	324
Diciembre 2005	22	Huesca	41	Enseñanza superior de formación profesional	Hombres	79
Diciembre 2005	22	Huesca	41	Enseñanza superior de formación profesional	Mujeres	202
Diciembre 2005	22	Huesca	42	Enseñanza superior universitaria	Hombres	146
Diciembre 2005	22	Huesca	42	Enseñanza superior universitaria	Mujeres	482
Diciembre 2005	44	Teruel	10	Educación Primaria o inferior	Hombres	354
Diciembre 2005	44	Teruel	10	Educación Primaria o inferior	Mujeres	265
Diciembre 2005	44	Teruel	20	Primera etapa de educación secundaria	Hombres	976
Diciembre 2005	44	Teruel	20	Primera etapa de educación secundaria	Mujeres	1409
Diciembre 2005	44	Teruel	31	Bachillerato	Hombres	139
Diciembre 2005	44	Teruel	31	Bachillerato	Mujeres	222
Diciembre 2005	44	Teruel	32	Enseñanza media de formación profesional	Hombres	74
Diciembre 2005	44	Teruel	32	Enseñanza media de formación profesional	Mujeres	219
Diciembre 2005	44	Teruel	41	Enseñanza superior de formación profesional	Hombres	75
Diciembre 2005	44	Teruel	41	Enseñanza superior de formación profesional	Mujeres	150
Diciembre 2005	44	Teruel	42	Enseñanza superior universitaria	Hombres	96
Diciembre 2005	44	Teruel	42	Enseñanza superior universitaria	Mujeres	265
Diciembre 2005	50	Zaragoza	0	Sin clasificar	Mujeres	1
Diciembre 2005	50	Zaragoza	10	Educación Primaria o inferior	Hombres	1140
Diciembre 2005	50	Zaragoza	10	Educación Primaria o inferior	Mujeres	935
Diciembre 2005	50	Zaragoza	20	Primera etapa de educación secundaria	Hombres	7976
Diciembre 2005	50	Zaragoza	20	Primera etapa de educación secundaria	Mujeres	10390
Diciembre 2005	50	Zaragoza	31	Bachillerato	Hombres	1651
Diciembre 2005	50	Zaragoza	31	Bachillerato	Mujeres	2079
Diciembre 2005	50	Zaragoza	32	Enseñanza media de formación profesional	Hombres	565
Diciembre 2005	50	Zaragoza	32	Enseñanza media de formación profesional	Mujeres	1483
Diciembre 2005	50	Zaragoza	41	Enseñanza superior de formación profesional	Hombres	481
Diciembre 2005	50	Zaragoza	41	Enseñanza superior de formación profesional	Mujeres	1063
Diciembre 2005	50	Zaragoza	42	Enseñanza superior universitaria	Hombres	966
Diciembre 2005	50	Zaragoza	42	Enseñanza superior universitaria	Mujeres	2442
Noviembre 2005	22	Huesca	10	Educación Primaria o inferior	Hombres	453
Noviembre 2005	22	Huesca	10	Educación Primaria o inferior	Mujeres	305
Noviembre 2005	22	Huesca	20	Primera etapa de educación secundaria	Hombres	1468
Noviembre 2005	22	Huesca	20	Primera etapa de educación secundaria	Mujeres	1907
Noviembre 2005	22	Huesca	31	Bachillerato	Hombres	301
Noviembre 2005	22	Huesca	31	Bachillerato	Mujeres	426
Noviembre 2005	22	Huesca	32	Enseñanza media de formación profesional	Hombres	86
Noviembre 2005	22	Huesca	32	Enseñanza media de formación profesional	Mujeres	354
Noviembre 2005	22	Huesca	41	Enseñanza superior de formación profesional	Hombres	83
Noviembre 2005	22	Huesca	41	Enseñanza superior de formación profesional	Mujeres	217
Noviembre 2005	22	Huesca	42	Enseñanza superior universitaria	Hombres	142
Noviembre 2005	22	Huesca	42	Enseñanza superior universitaria	Mujeres	516
Noviembre 2005	44	Teruel	10	Educación Primaria o inferior	Hombres	310
Noviembre 2005	44	Teruel	10	Educación Primaria o inferior	Mujeres	255
Noviembre 2005	44	Teruel	20	Primera etapa de educación secundaria	Hombres	917
Noviembre 2005	44	Teruel	20	Primera etapa de educación secundaria	Mujeres	1375
Noviembre 2005	44	Teruel	31	Bachillerato	Hombres	133
Noviembre 2005	44	Teruel	31	Bachillerato	Mujeres	229
Noviembre 2005	44	Teruel	32	Enseñanza media de formación profesional	Hombres	66
Noviembre 2005	44	Teruel	32	Enseñanza media de formación profesional	Mujeres	244
Noviembre 2005	44	Teruel	41	Enseñanza superior de formación profesional	Hombres	66
Noviembre 2005	44	Teruel	41	Enseñanza superior de formación profesional	Mujeres	142
Noviembre 2005	44	Teruel	42	Enseñanza superior universitaria	Hombres	87
Noviembre 2005	44	Teruel	42	Enseñanza superior universitaria	Mujeres	267
Noviembre 2005	50	Zaragoza	0	Sin clasificar	Mujeres	1
Noviembre 2005	50	Zaragoza	10	Educación Primaria o inferior	Hombres	1063
Noviembre 2005	50	Zaragoza	10	Educación Primaria o inferior	Mujeres	939
Noviembre 2005	50	Zaragoza	20	Primera etapa de educación secundaria	Hombres	7434
Noviembre 2005	50	Zaragoza	20	Primera etapa de educación secundaria	Mujeres	10570
Noviembre 2005	50	Zaragoza	31	Bachillerato	Hombres	1618
Noviembre 2005	50	Zaragoza	31	Bachillerato	Mujeres	2176
Noviembre 2005	50	Zaragoza	32	Enseñanza media de formación profesional	Hombres	523
Noviembre 2005	50	Zaragoza	32	Enseñanza media de formación profesional	Mujeres	1521
Noviembre 2005	50	Zaragoza	41	Enseñanza superior de formación profesional	Hombres	455
Noviembre 2005	50	Zaragoza	41	Enseñanza superior de formación profesional	Mujeres	1107
Noviembre 2005	50	Zaragoza	42	Enseñanza superior universitaria	Hombres	976
Noviembre 2005	50	Zaragoza	42	Enseñanza superior universitaria	Mujeres	2542
Octubre 2005	22	Huesca	10	Educación Primaria o inferior	Hombres	451
Octubre 2005	22	Huesca	10	Educación Primaria o inferior	Mujeres	275
Octubre 2005	22	Huesca	20	Primera etapa de educación secundaria	Hombres	1435
Octubre 2005	22	Huesca	20	Primera etapa de educación secundaria	Mujeres	1930
Octubre 2005	22	Huesca	31	Bachillerato	Hombres	292
Octubre 2005	22	Huesca	31	Bachillerato	Mujeres	423
Octubre 2005	22	Huesca	32	Enseñanza media de formación profesional	Hombres	89
Octubre 2005	22	Huesca	32	Enseñanza media de formación profesional	Mujeres	367
Octubre 2005	22	Huesca	41	Enseñanza superior de formación profesional	Hombres	71
Octubre 2005	22	Huesca	41	Enseñanza superior de formación profesional	Mujeres	246
Octubre 2005	22	Huesca	42	Enseñanza superior universitaria	Hombres	140
Octubre 2005	22	Huesca	42	Enseñanza superior universitaria	Mujeres	517
Octubre 2005	44	Teruel	10	Educación Primaria o inferior	Hombres	266
Octubre 2005	44	Teruel	10	Educación Primaria o inferior	Mujeres	212
Octubre 2005	44	Teruel	20	Primera etapa de educación secundaria	Hombres	933
Octubre 2005	44	Teruel	20	Primera etapa de educación secundaria	Mujeres	1372
Octubre 2005	44	Teruel	31	Bachillerato	Hombres	132
Octubre 2005	44	Teruel	31	Bachillerato	Mujeres	228
Octubre 2005	44	Teruel	32	Enseñanza media de formación profesional	Hombres	67
Octubre 2005	44	Teruel	32	Enseñanza media de formación profesional	Mujeres	249
Octubre 2005	44	Teruel	41	Enseñanza superior de formación profesional	Hombres	69
Octubre 2005	44	Teruel	41	Enseñanza superior de formación profesional	Mujeres	158
Octubre 2005	44	Teruel	42	Enseñanza superior universitaria	Hombres	103
Octubre 2005	44	Teruel	42	Enseñanza superior universitaria	Mujeres	276
Octubre 2005	50	Zaragoza	0	Sin clasificar	Mujeres	3
Octubre 2005	50	Zaragoza	10	Educación Primaria o inferior	Hombres	998
Octubre 2005	50	Zaragoza	10	Educación Primaria o inferior	Mujeres	847
Octubre 2005	50	Zaragoza	20	Primera etapa de educación secundaria	Hombres	7533
Octubre 2005	50	Zaragoza	20	Primera etapa de educación secundaria	Mujeres	10346
Octubre 2005	50	Zaragoza	31	Bachillerato	Hombres	1660
Octubre 2005	50	Zaragoza	31	Bachillerato	Mujeres	2296
Octubre 2005	50	Zaragoza	32	Enseñanza media de formación profesional	Hombres	537
Octubre 2005	50	Zaragoza	32	Enseñanza media de formación profesional	Mujeres	1564
Octubre 2005	50	Zaragoza	41	Enseñanza superior de formación profesional	Hombres	526
Octubre 2005	50	Zaragoza	41	Enseñanza superior de formación profesional	Mujeres	1124
Octubre 2005	50	Zaragoza	42	Enseñanza superior universitaria	Hombres	1029
Octubre 2005	50	Zaragoza	42	Enseñanza superior universitaria	Mujeres	2699
Septiembre 2005	22	Huesca	10	Educación Primaria o inferior	Hombres	396
Septiembre 2005	22	Huesca	10	Educación Primaria o inferior	Mujeres	224
Septiembre 2005	22	Huesca	20	Primera etapa de educación secundaria	Hombres	1358
Septiembre 2005	22	Huesca	20	Primera etapa de educación secundaria	Mujeres	1804
Septiembre 2005	22	Huesca	31	Bachillerato	Hombres	266
Septiembre 2005	22	Huesca	31	Bachillerato	Mujeres	402
Septiembre 2005	22	Huesca	32	Enseñanza media de formación profesional	Hombres	81
Septiembre 2005	22	Huesca	32	Enseñanza media de formación profesional	Mujeres	291
Septiembre 2005	22	Huesca	41	Enseñanza superior de formación profesional	Hombres	70
Septiembre 2005	22	Huesca	41	Enseñanza superior de formación profesional	Mujeres	226
Septiembre 2005	22	Huesca	42	Enseñanza superior universitaria	Hombres	154
Septiembre 2005	22	Huesca	42	Enseñanza superior universitaria	Mujeres	540
Septiembre 2005	44	Teruel	10	Educación Primaria o inferior	Hombres	279
Septiembre 2005	44	Teruel	10	Educación Primaria o inferior	Mujeres	188
Septiembre 2005	44	Teruel	20	Primera etapa de educación secundaria	Hombres	966
Septiembre 2005	44	Teruel	20	Primera etapa de educación secundaria	Mujeres	1280
Septiembre 2005	44	Teruel	31	Bachillerato	Hombres	129
Septiembre 2005	44	Teruel	31	Bachillerato	Mujeres	204
Septiembre 2005	44	Teruel	32	Enseñanza media de formación profesional	Hombres	60
Septiembre 2005	44	Teruel	32	Enseñanza media de formación profesional	Mujeres	190
Septiembre 2005	44	Teruel	41	Enseñanza superior de formación profesional	Hombres	65
Septiembre 2005	44	Teruel	41	Enseñanza superior de formación profesional	Mujeres	152
Septiembre 2005	44	Teruel	42	Enseñanza superior universitaria	Hombres	102
Septiembre 2005	44	Teruel	42	Enseñanza superior universitaria	Mujeres	288
Septiembre 2005	50	Zaragoza	0	Sin clasificar	Hombres	1
Septiembre 2005	50	Zaragoza	0	Sin clasificar	Mujeres	5
Septiembre 2005	50	Zaragoza	10	Educación Primaria o inferior	Hombres	867
Septiembre 2005	50	Zaragoza	10	Educación Primaria o inferior	Mujeres	717
Septiembre 2005	50	Zaragoza	20	Primera etapa de educación secundaria	Hombres	6964
Septiembre 2005	50	Zaragoza	20	Primera etapa de educación secundaria	Mujeres	9849
Septiembre 2005	50	Zaragoza	31	Bachillerato	Hombres	1600
Septiembre 2005	50	Zaragoza	31	Bachillerato	Mujeres	2206
Septiembre 2005	50	Zaragoza	32	Enseñanza media de formación profesional	Hombres	493
Septiembre 2005	50	Zaragoza	32	Enseñanza media de formación profesional	Mujeres	1407
Septiembre 2005	50	Zaragoza	41	Enseñanza superior de formación profesional	Hombres	500
Septiembre 2005	50	Zaragoza	41	Enseñanza superior de formación profesional	Mujeres	1081
Septiembre 2005	50	Zaragoza	42	Enseñanza superior universitaria	Hombres	955
Septiembre 2005	50	Zaragoza	42	Enseñanza superior universitaria	Mujeres	2609
Agosto 2005	22	Huesca	10	Educación Primaria o inferior	Hombres	282
Agosto 2005	22	Huesca	10	Educación Primaria o inferior	Mujeres	172
Agosto 2005	22	Huesca	20	Primera etapa de educación secundaria	Hombres	1273
Agosto 2005	22	Huesca	20	Primera etapa de educación secundaria	Mujeres	1674
Agosto 2005	22	Huesca	31	Bachillerato	Hombres	245
Agosto 2005	22	Huesca	31	Bachillerato	Mujeres	362
Agosto 2005	22	Huesca	32	Enseñanza media de formación profesional	Hombres	74
Agosto 2005	22	Huesca	32	Enseñanza media de formación profesional	Mujeres	243
Agosto 2005	22	Huesca	41	Enseñanza superior de formación profesional	Hombres	69
Agosto 2005	22	Huesca	41	Enseñanza superior de formación profesional	Mujeres	192
Agosto 2005	22	Huesca	42	Enseñanza superior universitaria	Hombres	133
Agosto 2005	22	Huesca	42	Enseñanza superior universitaria	Mujeres	530
Agosto 2005	44	Teruel	10	Educación Primaria o inferior	Hombres	288
Agosto 2005	44	Teruel	10	Educación Primaria o inferior	Mujeres	174
Agosto 2005	44	Teruel	20	Primera etapa de educación secundaria	Hombres	923
Agosto 2005	44	Teruel	20	Primera etapa de educación secundaria	Mujeres	1182
Agosto 2005	44	Teruel	31	Bachillerato	Hombres	124
Agosto 2005	44	Teruel	31	Bachillerato	Mujeres	197
Agosto 2005	44	Teruel	32	Enseñanza media de formación profesional	Hombres	67
Agosto 2005	44	Teruel	32	Enseñanza media de formación profesional	Mujeres	147
Agosto 2005	44	Teruel	41	Enseñanza superior de formación profesional	Hombres	56
Agosto 2005	44	Teruel	41	Enseñanza superior de formación profesional	Mujeres	128
Agosto 2005	44	Teruel	42	Enseñanza superior universitaria	Hombres	96
Agosto 2005	44	Teruel	42	Enseñanza superior universitaria	Mujeres	330
Agosto 2005	50	Zaragoza	0	Sin clasificar	Mujeres	5
Agosto 2005	50	Zaragoza	10	Educación Primaria o inferior	Hombres	761
Agosto 2005	50	Zaragoza	10	Educación Primaria o inferior	Mujeres	615
Agosto 2005	50	Zaragoza	20	Primera etapa de educación secundaria	Hombres	7171
Agosto 2005	50	Zaragoza	20	Primera etapa de educación secundaria	Mujeres	9829
Agosto 2005	50	Zaragoza	31	Bachillerato	Hombres	1540
Agosto 2005	50	Zaragoza	31	Bachillerato	Mujeres	2171
Agosto 2005	50	Zaragoza	32	Enseñanza media de formación profesional	Hombres	482
Agosto 2005	50	Zaragoza	32	Enseñanza media de formación profesional	Mujeres	1365
Agosto 2005	50	Zaragoza	41	Enseñanza superior de formación profesional	Hombres	519
Agosto 2005	50	Zaragoza	41	Enseñanza superior de formación profesional	Mujeres	1060
Agosto 2005	50	Zaragoza	42	Enseñanza superior universitaria	Hombres	974
Agosto 2005	50	Zaragoza	42	Enseñanza superior universitaria	Mujeres	2769
Julio 2005	22	Huesca	10	Educación Primaria o inferior	Hombres	231
Julio 2005	22	Huesca	10	Educación Primaria o inferior	Mujeres	144
Julio 2005	22	Huesca	20	Primera etapa de educación secundaria	Hombres	1187
Julio 2005	22	Huesca	20	Primera etapa de educación secundaria	Mujeres	1652
Julio 2005	22	Huesca	31	Bachillerato	Hombres	245
Julio 2005	22	Huesca	31	Bachillerato	Mujeres	358
Julio 2005	22	Huesca	32	Enseñanza media de formación profesional	Hombres	66
Julio 2005	22	Huesca	32	Enseñanza media de formación profesional	Mujeres	241
Julio 2005	22	Huesca	41	Enseñanza superior de formación profesional	Hombres	57
Julio 2005	22	Huesca	41	Enseñanza superior de formación profesional	Mujeres	179
Julio 2005	22	Huesca	42	Enseñanza superior universitaria	Hombres	132
Julio 2005	22	Huesca	42	Enseñanza superior universitaria	Mujeres	479
Julio 2005	44	Teruel	10	Educación Primaria o inferior	Hombres	253
Julio 2005	44	Teruel	10	Educación Primaria o inferior	Mujeres	171
Julio 2005	44	Teruel	20	Primera etapa de educación secundaria	Hombres	892
Julio 2005	44	Teruel	20	Primera etapa de educación secundaria	Mujeres	1225
Julio 2005	44	Teruel	31	Bachillerato	Hombres	122
Julio 2005	44	Teruel	31	Bachillerato	Mujeres	201
Julio 2005	44	Teruel	32	Enseñanza media de formación profesional	Hombres	66
Julio 2005	44	Teruel	32	Enseñanza media de formación profesional	Mujeres	140
Julio 2005	44	Teruel	41	Enseñanza superior de formación profesional	Hombres	53
Julio 2005	44	Teruel	41	Enseñanza superior de formación profesional	Mujeres	119
Julio 2005	44	Teruel	42	Enseñanza superior universitaria	Hombres	88
Julio 2005	44	Teruel	42	Enseñanza superior universitaria	Mujeres	283
Julio 2005	50	Zaragoza	0	Sin clasificar	Mujeres	6
Julio 2005	50	Zaragoza	10	Educación Primaria o inferior	Hombres	700
Julio 2005	50	Zaragoza	10	Educación Primaria o inferior	Mujeres	610
Julio 2005	50	Zaragoza	20	Primera etapa de educación secundaria	Hombres	6617
Julio 2005	50	Zaragoza	20	Primera etapa de educación secundaria	Mujeres	9662
Julio 2005	50	Zaragoza	31	Bachillerato	Hombres	1453
Julio 2005	50	Zaragoza	31	Bachillerato	Mujeres	2066
Julio 2005	50	Zaragoza	32	Enseñanza media de formación profesional	Hombres	428
Julio 2005	50	Zaragoza	32	Enseñanza media de formación profesional	Mujeres	1292
Julio 2005	50	Zaragoza	41	Enseñanza superior de formación profesional	Hombres	422
Julio 2005	50	Zaragoza	41	Enseñanza superior de formación profesional	Mujeres	953
Julio 2005	50	Zaragoza	42	Enseñanza superior universitaria	Hombres	925
Julio 2005	50	Zaragoza	42	Enseñanza superior universitaria	Mujeres	2524
Junio 2005	22	Huesca	10	Educación Primaria o inferior	Hombres	191
Junio 2005	22	Huesca	10	Educación Primaria o inferior	Mujeres	141
Junio 2005	22	Huesca	20	Primera etapa de educación secundaria	Hombres	1212
Junio 2005	22	Huesca	20	Primera etapa de educación secundaria	Mujeres	1764
Junio 2005	22	Huesca	31	Bachillerato	Hombres	267
Junio 2005	22	Huesca	31	Bachillerato	Mujeres	405
Junio 2005	22	Huesca	32	Enseñanza media de formación profesional	Hombres	76
Junio 2005	22	Huesca	32	Enseñanza media de formación profesional	Mujeres	299
Junio 2005	22	Huesca	41	Enseñanza superior de formación profesional	Hombres	69
Junio 2005	22	Huesca	41	Enseñanza superior de formación profesional	Mujeres	205
Junio 2005	22	Huesca	42	Enseñanza superior universitaria	Hombres	130
Junio 2005	22	Huesca	42	Enseñanza superior universitaria	Mujeres	463
Junio 2005	44	Teruel	0	Sin clasificar	Mujeres	2
Junio 2005	44	Teruel	10	Educación Primaria o inferior	Hombres	217
Junio 2005	44	Teruel	10	Educación Primaria o inferior	Mujeres	179
Junio 2005	44	Teruel	20	Primera etapa de educación secundaria	Hombres	864
Junio 2005	44	Teruel	20	Primera etapa de educación secundaria	Mujeres	1290
Junio 2005	44	Teruel	31	Bachillerato	Hombres	132
Junio 2005	44	Teruel	31	Bachillerato	Mujeres	204
Junio 2005	44	Teruel	32	Enseñanza media de formación profesional	Hombres	50
Junio 2005	44	Teruel	32	Enseñanza media de formación profesional	Mujeres	184
Junio 2005	44	Teruel	41	Enseñanza superior de formación profesional	Hombres	48
Junio 2005	44	Teruel	41	Enseñanza superior de formación profesional	Mujeres	125
Junio 2005	44	Teruel	42	Enseñanza superior universitaria	Hombres	71
Junio 2005	44	Teruel	42	Enseñanza superior universitaria	Mujeres	239
Junio 2005	50	Zaragoza	0	Sin clasificar	Mujeres	9
Junio 2005	50	Zaragoza	10	Educación Primaria o inferior	Hombres	569
Junio 2005	50	Zaragoza	10	Educación Primaria o inferior	Mujeres	552
Junio 2005	50	Zaragoza	20	Primera etapa de educación secundaria	Hombres	6419
Junio 2005	50	Zaragoza	20	Primera etapa de educación secundaria	Mujeres	9667
Junio 2005	50	Zaragoza	31	Bachillerato	Hombres	1375
Junio 2005	50	Zaragoza	31	Bachillerato	Mujeres	1988
Junio 2005	50	Zaragoza	32	Enseñanza media de formación profesional	Hombres	423
Junio 2005	50	Zaragoza	32	Enseñanza media de formación profesional	Mujeres	1330
Junio 2005	50	Zaragoza	41	Enseñanza superior de formación profesional	Hombres	431
Junio 2005	50	Zaragoza	41	Enseñanza superior de formación profesional	Mujeres	947
Junio 2005	50	Zaragoza	42	Enseñanza superior universitaria	Hombres	844
Junio 2005	50	Zaragoza	42	Enseñanza superior universitaria	Mujeres	2360
Mayo 2005	22	Huesca	0	Sin clasificar	Mujeres	1
Mayo 2005	22	Huesca	10	Educación Primaria o inferior	Hombres	195
Mayo 2005	22	Huesca	10	Educación Primaria o inferior	Mujeres	149
Mayo 2005	22	Huesca	20	Primera etapa de educación secundaria	Hombres	1337
Mayo 2005	22	Huesca	20	Primera etapa de educación secundaria	Mujeres	1904
Mayo 2005	22	Huesca	31	Bachillerato	Hombres	288
Mayo 2005	22	Huesca	31	Bachillerato	Mujeres	457
Mayo 2005	22	Huesca	32	Enseñanza media de formación profesional	Hombres	88
Mayo 2005	22	Huesca	32	Enseñanza media de formación profesional	Mujeres	358
Mayo 2005	22	Huesca	41	Enseñanza superior de formación profesional	Hombres	74
Mayo 2005	22	Huesca	41	Enseñanza superior de formación profesional	Mujeres	224
Mayo 2005	22	Huesca	42	Enseñanza superior universitaria	Hombres	134
Mayo 2005	22	Huesca	42	Enseñanza superior universitaria	Mujeres	479
Mayo 2005	44	Teruel	0	Sin clasificar	Mujeres	2
Mayo 2005	44	Teruel	10	Educación Primaria o inferior	Hombres	227
Mayo 2005	44	Teruel	10	Educación Primaria o inferior	Mujeres	169
Mayo 2005	44	Teruel	20	Primera etapa de educación secundaria	Hombres	931
Mayo 2005	44	Teruel	20	Primera etapa de educación secundaria	Mujeres	1395
Mayo 2005	44	Teruel	31	Bachillerato	Hombres	130
Mayo 2005	44	Teruel	31	Bachillerato	Mujeres	223
Mayo 2005	44	Teruel	32	Enseñanza media de formación profesional	Hombres	51
Mayo 2005	44	Teruel	32	Enseñanza media de formación profesional	Mujeres	225
Mayo 2005	44	Teruel	41	Enseñanza superior de formación profesional	Hombres	44
Mayo 2005	44	Teruel	41	Enseñanza superior de formación profesional	Mujeres	138
Mayo 2005	44	Teruel	42	Enseñanza superior universitaria	Hombres	87
Mayo 2005	44	Teruel	42	Enseñanza superior universitaria	Mujeres	258
Mayo 2005	50	Zaragoza	0	Sin clasificar	Mujeres	10
Mayo 2005	50	Zaragoza	10	Educación Primaria o inferior	Hombres	541
Mayo 2005	50	Zaragoza	10	Educación Primaria o inferior	Mujeres	481
Mayo 2005	50	Zaragoza	20	Primera etapa de educación secundaria	Hombres	6920
Mayo 2005	50	Zaragoza	20	Primera etapa de educación secundaria	Mujeres	9912
Mayo 2005	50	Zaragoza	31	Bachillerato	Hombres	1386
Mayo 2005	50	Zaragoza	31	Bachillerato	Mujeres	1973
Mayo 2005	50	Zaragoza	32	Enseñanza media de formación profesional	Hombres	426
Mayo 2005	50	Zaragoza	32	Enseñanza media de formación profesional	Mujeres	1413
Mayo 2005	50	Zaragoza	41	Enseñanza superior de formación profesional	Hombres	421
Mayo 2005	50	Zaragoza	41	Enseñanza superior de formación profesional	Mujeres	994
Mayo 2005	50	Zaragoza	42	Enseñanza superior universitaria	Hombres	866
Mayo 2005	50	Zaragoza	42	Enseñanza superior universitaria	Mujeres	2420
Abril 2005	22	Huesca	0	Sin clasificar	Mujeres	1
Abril 2005	22	Huesca	10	Educación Primaria o inferior	Hombres	210
Abril 2005	22	Huesca	10	Educación Primaria o inferior	Mujeres	142
Abril 2005	22	Huesca	20	Primera etapa de educación secundaria	Hombres	1558
Abril 2005	22	Huesca	20	Primera etapa de educación secundaria	Mujeres	2043
Abril 2005	22	Huesca	31	Bachillerato	Hombres	307
Abril 2005	22	Huesca	31	Bachillerato	Mujeres	437
Abril 2005	22	Huesca	32	Enseñanza media de formación profesional	Hombres	105
Abril 2005	22	Huesca	32	Enseñanza media de formación profesional	Mujeres	377
Abril 2005	22	Huesca	41	Enseñanza superior de formación profesional	Hombres	85
Abril 2005	22	Huesca	41	Enseñanza superior de formación profesional	Mujeres	253
Abril 2005	22	Huesca	42	Enseñanza superior universitaria	Hombres	156
Abril 2005	22	Huesca	42	Enseñanza superior universitaria	Mujeres	526
Abril 2005	44	Teruel	0	Sin clasificar	Mujeres	2
Abril 2005	44	Teruel	10	Educación Primaria o inferior	Hombres	221
Abril 2005	44	Teruel	10	Educación Primaria o inferior	Mujeres	145
Abril 2005	44	Teruel	20	Primera etapa de educación secundaria	Hombres	1001
Abril 2005	44	Teruel	20	Primera etapa de educación secundaria	Mujeres	1505
Abril 2005	44	Teruel	31	Bachillerato	Hombres	115
Abril 2005	44	Teruel	31	Bachillerato	Mujeres	238
Abril 2005	44	Teruel	32	Enseñanza media de formación profesional	Hombres	56
Abril 2005	44	Teruel	32	Enseñanza media de formación profesional	Mujeres	240
Abril 2005	44	Teruel	41	Enseñanza superior de formación profesional	Hombres	48
Abril 2005	44	Teruel	41	Enseñanza superior de formación profesional	Mujeres	166
Abril 2005	44	Teruel	42	Enseñanza superior universitaria	Hombres	93
Abril 2005	44	Teruel	42	Enseñanza superior universitaria	Mujeres	282
Abril 2005	50	Zaragoza	0	Sin clasificar	Hombres	1
Abril 2005	50	Zaragoza	0	Sin clasificar	Mujeres	12
Abril 2005	50	Zaragoza	10	Educación Primaria o inferior	Hombres	474
Abril 2005	50	Zaragoza	10	Educación Primaria o inferior	Mujeres	397
Abril 2005	50	Zaragoza	20	Primera etapa de educación secundaria	Hombres	7816
Abril 2005	50	Zaragoza	20	Primera etapa de educación secundaria	Mujeres	10707
Abril 2005	50	Zaragoza	31	Bachillerato	Hombres	1483
Abril 2005	50	Zaragoza	31	Bachillerato	Mujeres	2064
Abril 2005	50	Zaragoza	32	Enseñanza media de formación profesional	Hombres	495
Abril 2005	50	Zaragoza	32	Enseñanza media de formación profesional	Mujeres	1632
Abril 2005	50	Zaragoza	41	Enseñanza superior de formación profesional	Hombres	534
Abril 2005	50	Zaragoza	41	Enseñanza superior de formación profesional	Mujeres	1118
Abril 2005	50	Zaragoza	42	Enseñanza superior universitaria	Hombres	1017
Abril 2005	50	Zaragoza	42	Enseñanza superior universitaria	Mujeres	2849
Marzo 2005	22	Huesca	0	Sin clasificar	Mujeres	1
Marzo 2005	22	Huesca	10	Educación Primaria o inferior	Hombres	208
Marzo 2005	22	Huesca	10	Educación Primaria o inferior	Mujeres	151
Marzo 2005	22	Huesca	20	Primera etapa de educación secundaria	Hombres	1564
Marzo 2005	22	Huesca	20	Primera etapa de educación secundaria	Mujeres	1964
Marzo 2005	22	Huesca	31	Bachillerato	Hombres	273
Marzo 2005	22	Huesca	31	Bachillerato	Mujeres	394
Marzo 2005	22	Huesca	32	Enseñanza media de formación profesional	Hombres	92
Marzo 2005	22	Huesca	32	Enseñanza media de formación profesional	Mujeres	357
Marzo 2005	22	Huesca	41	Enseñanza superior de formación profesional	Hombres	89
Marzo 2005	22	Huesca	41	Enseñanza superior de formación profesional	Mujeres	254
Marzo 2005	22	Huesca	42	Enseñanza superior universitaria	Hombres	163
Marzo 2005	22	Huesca	42	Enseñanza superior universitaria	Mujeres	515
Marzo 2005	44	Teruel	0	Sin clasificar	Mujeres	1
Marzo 2005	44	Teruel	10	Educación Primaria o inferior	Hombres	225
Marzo 2005	44	Teruel	10	Educación Primaria o inferior	Mujeres	147
Marzo 2005	44	Teruel	20	Primera etapa de educación secundaria	Hombres	1082
Marzo 2005	44	Teruel	20	Primera etapa de educación secundaria	Mujeres	1477
Marzo 2005	44	Teruel	31	Bachillerato	Hombres	115
Marzo 2005	44	Teruel	31	Bachillerato	Mujeres	248
Marzo 2005	44	Teruel	32	Enseñanza media de formación profesional	Hombres	55
Marzo 2005	44	Teruel	32	Enseñanza media de formación profesional	Mujeres	265
Marzo 2005	44	Teruel	41	Enseñanza superior de formación profesional	Hombres	63
Marzo 2005	44	Teruel	41	Enseñanza superior de formación profesional	Mujeres	170
Marzo 2005	44	Teruel	42	Enseñanza superior universitaria	Hombres	100
Marzo 2005	44	Teruel	42	Enseñanza superior universitaria	Mujeres	286
Marzo 2005	50	Zaragoza	0	Sin clasificar	Hombres	2
Marzo 2005	50	Zaragoza	0	Sin clasificar	Mujeres	13
Marzo 2005	50	Zaragoza	10	Educación Primaria o inferior	Hombres	464
Marzo 2005	50	Zaragoza	10	Educación Primaria o inferior	Mujeres	361
Marzo 2005	50	Zaragoza	20	Primera etapa de educación secundaria	Hombres	7980
Marzo 2005	50	Zaragoza	20	Primera etapa de educación secundaria	Mujeres	10687
Marzo 2005	50	Zaragoza	31	Bachillerato	Hombres	1531
Marzo 2005	50	Zaragoza	31	Bachillerato	Mujeres	2128
Marzo 2005	50	Zaragoza	32	Enseñanza media de formación profesional	Hombres	538
Marzo 2005	50	Zaragoza	32	Enseñanza media de formación profesional	Mujeres	1640
Marzo 2005	50	Zaragoza	41	Enseñanza superior de formación profesional	Hombres	538
Marzo 2005	50	Zaragoza	41	Enseñanza superior de formación profesional	Mujeres	1203
Marzo 2005	50	Zaragoza	42	Enseñanza superior universitaria	Hombres	1104
Marzo 2005	50	Zaragoza	42	Enseñanza superior universitaria	Mujeres	2966
Febrero 2005	22	Huesca	0	Sin clasificar	Mujeres	1
Febrero 2005	22	Huesca	10	Educación Primaria o inferior	Hombres	201
Febrero 2005	22	Huesca	10	Educación Primaria o inferior	Mujeres	150
Febrero 2005	22	Huesca	20	Primera etapa de educación secundaria	Hombres	1601
Febrero 2005	22	Huesca	20	Primera etapa de educación secundaria	Mujeres	1992
Febrero 2005	22	Huesca	31	Bachillerato	Hombres	285
Febrero 2005	22	Huesca	31	Bachillerato	Mujeres	416
Febrero 2005	22	Huesca	32	Enseñanza media de formación profesional	Hombres	99
Febrero 2005	22	Huesca	32	Enseñanza media de formación profesional	Mujeres	366
Febrero 2005	22	Huesca	41	Enseñanza superior de formación profesional	Hombres	87
Febrero 2005	22	Huesca	41	Enseñanza superior de formación profesional	Mujeres	260
Febrero 2005	22	Huesca	42	Enseñanza superior universitaria	Hombres	180
Febrero 2005	22	Huesca	42	Enseñanza superior universitaria	Mujeres	535
Febrero 2005	44	Teruel	0	Sin clasificar	Mujeres	1
Febrero 2005	44	Teruel	10	Educación Primaria o inferior	Hombres	204
Febrero 2005	44	Teruel	10	Educación Primaria o inferior	Mujeres	131
Febrero 2005	44	Teruel	20	Primera etapa de educación secundaria	Hombres	1072
Febrero 2005	44	Teruel	20	Primera etapa de educación secundaria	Mujeres	1461
Febrero 2005	44	Teruel	31	Bachillerato	Hombres	107
Febrero 2005	44	Teruel	31	Bachillerato	Mujeres	232
Febrero 2005	44	Teruel	32	Enseñanza media de formación profesional	Hombres	44
Febrero 2005	44	Teruel	32	Enseñanza media de formación profesional	Mujeres	260
Febrero 2005	44	Teruel	41	Enseñanza superior de formación profesional	Hombres	60
Febrero 2005	44	Teruel	41	Enseñanza superior de formación profesional	Mujeres	187
Febrero 2005	44	Teruel	42	Enseñanza superior universitaria	Hombres	88
Febrero 2005	44	Teruel	42	Enseñanza superior universitaria	Mujeres	296
Febrero 2005	50	Zaragoza	0	Sin clasificar	Hombres	1
Febrero 2005	50	Zaragoza	0	Sin clasificar	Mujeres	14
Febrero 2005	50	Zaragoza	10	Educación Primaria o inferior	Hombres	432
Febrero 2005	50	Zaragoza	10	Educación Primaria o inferior	Mujeres	368
Febrero 2005	50	Zaragoza	20	Primera etapa de educación secundaria	Hombres	7730
Febrero 2005	50	Zaragoza	20	Primera etapa de educación secundaria	Mujeres	10415
Febrero 2005	50	Zaragoza	31	Bachillerato	Hombres	1580
Febrero 2005	50	Zaragoza	31	Bachillerato	Mujeres	2113
Febrero 2005	50	Zaragoza	32	Enseñanza media de formación profesional	Hombres	519
Febrero 2005	50	Zaragoza	32	Enseñanza media de formación profesional	Mujeres	1620
Febrero 2005	50	Zaragoza	41	Enseñanza superior de formación profesional	Hombres	518
Febrero 2005	50	Zaragoza	41	Enseñanza superior de formación profesional	Mujeres	1202
Febrero 2005	50	Zaragoza	42	Enseñanza superior universitaria	Hombres	1091
Febrero 2005	50	Zaragoza	42	Enseñanza superior universitaria	Mujeres	3019
Enero 2005	22	Huesca	0	Sin clasificar	Mujeres	1
Enero 2005	22	Huesca	10	Educación Primaria o inferior	Hombres	214
Enero 2005	22	Huesca	10	Educación Primaria o inferior	Mujeres	146
Enero 2005	22	Huesca	20	Primera etapa de educación secundaria	Hombres	1689
Enero 2005	22	Huesca	20	Primera etapa de educación secundaria	Mujeres	2025
Enero 2005	22	Huesca	31	Bachillerato	Hombres	291
Enero 2005	22	Huesca	31	Bachillerato	Mujeres	429
Enero 2005	22	Huesca	32	Enseñanza media de formación profesional	Hombres	102
Enero 2005	22	Huesca	32	Enseñanza media de formación profesional	Mujeres	362
Enero 2005	22	Huesca	41	Enseñanza superior de formación profesional	Hombres	91
Enero 2005	22	Huesca	41	Enseñanza superior de formación profesional	Mujeres	251
Enero 2005	22	Huesca	42	Enseñanza superior universitaria	Hombres	189
Enero 2005	22	Huesca	42	Enseñanza superior universitaria	Mujeres	520
Enero 2005	44	Teruel	0	Sin clasificar	Mujeres	1
Enero 2005	44	Teruel	10	Educación Primaria o inferior	Hombres	192
Enero 2005	44	Teruel	10	Educación Primaria o inferior	Mujeres	124
Enero 2005	44	Teruel	20	Primera etapa de educación secundaria	Hombres	1117
Enero 2005	44	Teruel	20	Primera etapa de educación secundaria	Mujeres	1438
Enero 2005	44	Teruel	31	Bachillerato	Hombres	109
Enero 2005	44	Teruel	31	Bachillerato	Mujeres	234
Enero 2005	44	Teruel	32	Enseñanza media de formación profesional	Hombres	51
Enero 2005	44	Teruel	32	Enseñanza media de formación profesional	Mujeres	241
Enero 2005	44	Teruel	41	Enseñanza superior de formación profesional	Hombres	64
Enero 2005	44	Teruel	41	Enseñanza superior de formación profesional	Mujeres	169
Enero 2005	44	Teruel	42	Enseñanza superior universitaria	Hombres	97
Enero 2005	44	Teruel	42	Enseñanza superior universitaria	Mujeres	314
Enero 2005	50	Zaragoza	0	Sin clasificar	Hombres	4
Enero 2005	50	Zaragoza	0	Sin clasificar	Mujeres	13
Enero 2005	50	Zaragoza	10	Educación Primaria o inferior	Hombres	468
Enero 2005	50	Zaragoza	10	Educación Primaria o inferior	Mujeres	358
Enero 2005	50	Zaragoza	20	Primera etapa de educación secundaria	Hombres	7953
Enero 2005	50	Zaragoza	20	Primera etapa de educación secundaria	Mujeres	10340
Enero 2005	50	Zaragoza	31	Bachillerato	Hombres	1545
Enero 2005	50	Zaragoza	31	Bachillerato	Mujeres	2044
Enero 2005	50	Zaragoza	32	Enseñanza media de formación profesional	Hombres	532
Enero 2005	50	Zaragoza	32	Enseñanza media de formación profesional	Mujeres	1583
Enero 2005	50	Zaragoza	41	Enseñanza superior de formación profesional	Hombres	541
Enero 2005	50	Zaragoza	41	Enseñanza superior de formación profesional	Mujeres	1196
Enero 2005	50	Zaragoza	42	Enseñanza superior universitaria	Hombres	1116
Enero 2005	50	Zaragoza	42	Enseñanza superior universitaria	Mujeres	2985